>> testdata   

Akl =

   1.81380098815730  -0.47877035543131  -0.83650023822641
  -0.47877035543131   0.65577169228603   0.67052745820492
  -0.83650023822641   0.67052745820492   2.42998263327387


Jkll =

  -0.33506586228794  -0.30413830127677  -0.19861577673879
  -0.17648258292915  -0.16019272333654  -0.10461294102000
  -0.06664502604213  -0.06049349483291  -0.03950493053142


ans =

   1.0e+02 *

  -2.42932775936615   2.59904344587181  -1.22994665131112
  -3.66578641834829   3.92188255695062  -1.85595447641271
  -2.20155189816108   2.35535489585611  -1.11462579488960


s =

     3.630403958234046e-06


dSk =

   1.0e-04 *

   0.45464499351909  -0.25604179864024  -0.49402242366601
  -0.04707656946070  -0.08557930747953   0.01710364552833
  -0.09619019702439   0.01972023451361   0.02352941423951


dSl =

   1.0e-04 *

   0.47329049926210  -0.74129866580199   0.22934899345989
  -0.27768026184536   0.28809736037681  -0.30839899403350
  -0.06607114146210  -0.13703823952489   0.04233800051889


t =

    -6.499008801130055e-06


dTk =

   1.0e-04 *

  -0.79676255296722   0.45785599639074   0.85334399525685
   0.06451363294113   0.13520387708050  -0.05120327929475
   0.15213538283589  -0.05234341927117  -0.05014015908049


dTl =

   1.0e-03 *

  -0.08164034862092   0.13055993765520  -0.04375045120895
   0.05051634138238  -0.05403629738724   0.04988537234784
   0.00430997612487   0.01681040845414  -0.01141253000748


R11 =

     2.580680628810765e-06


dRk11 =

   1.0e-04 *

   0.33282089736886  -0.17451931916132  -0.34774463060361
  -0.02838936476190  -0.05688994050783   0.01396598827118
  -0.06646049866827   0.01550765530718   0.01740862354154


dRl11 =

   1.0e-04 *

   0.34850426228091  -0.51600271836274   0.17018476722980
  -0.19167953743975   0.20997767045556  -0.21584135499534
  -0.03730182330955  -0.08864104801822   0.03582514339104


R12 =

     2.585808944581522e-06


dRk12 =

   1.0e-04 *

   0.32584991994781  -0.19157600031233  -0.34662026568520
  -0.04326407116566  -0.04695229069172  -0.00035763880320
  -0.06513099346488   0.00701286073212   0.02202826222121


dRl12 =

   1.0e-04 *

   0.34291066160564  -0.52378243014627   0.16204960344720
  -0.17324845028643   0.22432426977183  -0.21936539994140
  -0.04842370518601  -0.09895382427144   0.02885579483733

>> 
