MODULE  constants

  IMPLICIT NONE

  ! set the kind parameter for type double precision
  ! this seems to work for pgf90
  INTEGER, PARAMETER    :: HIGH=8

  ! This module contains the constants used in the subroutine
  ! melklmn *****SEE ALSO module globalvars*****

  
  ! double precision numerical constants
  REAL(HIGH), PARAMETER    ::   ZERO=0d0, &
                                ONE=1d0, &
                                TWO=2d0, &
                                THREE=3d0, &
                                FOUR=4d0, &
                                FIVE=5d0, &
                                SIX=6d0, &
                                SEVEN=7d0, &
                                EIGHT=8d0, &
                                NINE=9d0, &
                                TEN=10d0, &
                                TWOOSPI=1.1283791670955125739d0

  ! This is the matrix of constants needed in the overlap
  ! matrix element. We precompute gm1(mk,ml) with mk(ml)
  ! from 0 to 20
  !
  ! gm1(mk,ml) = gamma((mk+ml+3)/2) * 2^((mk+ml)/2)/
  !              sqrt( gamma(mk+3/2) * gamma(ml+3/2) )
  !

  ! There are 441 entries in this table 
  ! Following this is the set of constants
  ! gm2(p) = gamma(p+1)/gamma(p+3/2)
  !and
  ! gm3(p) = gamma(p+1/2)/(gamma(p+1) gamma(1/2))

  ! They are all computed to 20 digits

  REAL(HIGH), DIMENSION(0:20,0:20), PARAMETER  :: gm1=RESHAPE( (/ &
1.0d0, &
1.30294003174111979089702566090230d0, &
1.5491933384829667540717061599130d0, &
1.76189649837138532899924123696640d0, &
1.95180014589706635870876927248020d0, &
2.12492712892323962126491202030860d0, &
2.28504818799193410909839862047780d0, &
2.43470707723494319138329957479240d0, &
2.57571482691717781089575799931430d0, &
2.70941451227085687489185182680330d0, &
2.83683457187543167628949035291120d0, &
2.95878309703820072785628959275820d0, &
3.07590867236358252001260428797720d0, &
3.18874120609094362722002197836510d0, &
3.29772024365727661678849385043340d0, &
3.40321515372857531285650707214850d0, &
3.5055398663708236489322306522480d0, &
3.6049638581934886673072944810860d0, &
3.7017204896691036331404782531420d0, &
3.7960134348252199625275846929210d0, &
3.8880217108413565261025264229940d0, &
1.30294003174111979089702566090230d0, &
2.0d0, &
2.69134135682150405146362615719010d0, &
3.38061701891406631003847330946380d0, &
4.0689256704759134083601263248990d0, &
4.756707120084505083279031221620d0, &
5.4441705299971636866428973170680d0, &
6.1314276962552200029669295756540d0, &
6.8185436613882728133003347848330d0, &
7.5055587878127799063866791669340d0, &
8.1924994263520546823996592478070d0, &
8.879383499959093836451200698290d0, &
9.5662236182728308816600659350950d0, &
10.2530289078786084000420142932570d0, &
10.9398061356924438793623077021110d0, &
11.6265604243846293863414654044310d0, &
12.3132957226574792357920203846210d0, &
13.0000151229980565994792088152380d0, &
13.686721081612510828342406134250d0, &
14.3734155739328211140496954444740d0, &
15.0601002066746918532152260494790d0, &
1.5491933384829667540717061599130d0, &
2.69134135682150405146362615719010d0, &
4.0d0, &
5.4590366367468308686905916445110d0, &
7.0553368295055749080043086763710d0, &
8.7784612077056509139632313455320d0, &
10.6199442928490346774063076648280d0, &
12.5727732840323600903567933642160d0, &
14.6310275895369650964961890342660d0, &
16.7896276543963514182407477780770d0, &
19.0441559582195900497953479788130d0, &
21.3907262984220491815755950423720d0, &
23.8258861250382419056461439780220d0, &
26.3465420513185646896173544980120d0, &
28.9499019907075806139165386031290d0, &
31.6334294734835670666749940722920d0, &
34.3948070555316131518486980680170d0, &
37.231906630568047010056550995890d0, &
40.142765064648967715883270235520d0, &
43.12556399083589248065810186790d0, &
46.178612896396424667674420158930d0, &
1.76189649837138532899924123696640d0, &
3.38061701891406631003847330946380d0, &
5.4590366367468308686905916445110d0, &
8.0d0, &
11.0043834962457607206634925409190d0, &
14.4725445397326538870469792145630d0, &
18.4046555475788239183713049379970d0, &
22.8008097022216094132424905658490d0, &
27.6610616950773907472054981601680d0, &
32.9854457069018871279837545258760d0, &
38.773984183437274014914727112990d0, &
45.026692466139690357884926695660d0, &
51.743581393073328910933603792170d0, &
58.9246588363669544309997109250d0, &
66.569930650696322195227437163440d0, &
74.679401280004112186626372416120d0, &
83.253074157875302550244354993350d0, &
92.290951978989685267604593851360d0, &
101.793036887584221571917678971240d0, &
111.759330611072110521406961782590d0, &
122.189834556565705664664326515310d0, &
1.95180014589706635870876927248020d0, &
4.0689256704759134083601263248990d0, &
7.0553368295055749080043086763710d0, &
11.0043834962457607206634925409190d0, &
16.0d0, &
22.1196430946827382865026690586680d0, &
29.4357187522495951289349926306350d0, &
38.016493028510257058450460988190d0, &
47.926741481344293903114814638370d0, &
59.228239171873938190569181211470d0, &
71.980143706540021255821235015610d0, &
86.239302321788881518222672986940d0, &
102.06050292324996481120583384350d0, &
119.496682584504789454223555433570d0, &
138.599103028096539746436175928740d0, &
159.417500005596969891229160943550d0, &
182.000211721972792392708923413330d0, &
206.394290208353937666609103589850d0, &
232.645598656163387880640700909390d0, &
260.798897072351908938147479612910d0, &
290.897918128059646704133595499720d0, &
2.12492712892323962126491202030860d0, &
4.756707120084505083279031221620d0, &
8.7784612077056509139632313455320d0, &
14.4725445397326538870469792145630d0, &
22.1196430946827382865026690586680d0, &
32.0d0, &
44.393699525128700866426931016550d0, &
59.58075752008081565817141137530d0, &
77.841156438558403141141103102920d0, &
99.454860865848086703340508605720d0, &
124.701825128374534338198699906660d0, &
153.861997323359358181359148776410d0, &
187.215321589133888698462466767260d0, &
225.041739450827344229254915006230d0, &
267.62119065253235910711217787530d0, &
315.233613690749622561653048296220d0, &
368.15894616707430954793844888650d0, &
426.67712502772058264117316292760d0, &
491.06808673007054898774277314940d0, &
561.61176736091948404436222219660d0, &
638.58810272199993099014125046560d0, &
2.28504818799193410909839862047780d0, &
5.4441705299971636866428973170680d0, &
10.6199442928490346774063076648280d0, &
18.4046555475788239183713049379970d0, &
29.4357187522495951289349926306350d0, &
44.393699525128700866426931016550d0, &
64.0d0, &
89.014767922029518529456193461360d0, &
120.23506388834870211064655192080d0, &
158.49325367765942848808387760850d0, &
204.655588182771325530966084195290d0, &
259.620939054654855102953598085250d0, &
324.319664406117832936898630311540d0, &
399.71258413458241425778221791120d0, &
486.79004850586030759256927158540d0, &
586.57108679393758288125309715390d0, &
700.10262521165360989154861084640d0, &
828.45876526953940902300615039340d0, &
972.74011519766503483050691287120d0, &
1134.07316825616289287714229963350d0, &
1313.60972271634832470242764071580d0, &
2.43470707723494319138329957479240d0, &
6.1314276962552200029669295756540d0, &
12.5727732840323600903567933642160d0, &
22.8008097022216094132424905658490d0, &
38.016493028510257058450460988190d0, &
59.58075752008081565817141137530d0, &
89.014767922029518529456193461360d0, &
128.0d0, &
178.378271801862530007736165141620d0, &
242.151757549290825533983349681840d0, &
321.482994459455936346060126051720d0, &
418.69488636415757402390676474490d0, &
536.27070575221813551883456374510d0, &
676.85409498186520668310070091690d0, &
843.24906703145355524208543751530d0, &
1038.42000598127348759482563319930d0, &
1265.4916673324388953390380879930d0, &
1527.74917822366739815761179138580d0, &
1828.63803758214681639800312469160d0, &
2171.76411623073194819250454937630d0, &
2560.89365696553427335784379273870d0, &
2.57571482691717781089575799931430d0, &
6.8185436613882728133003347848330d0, &
14.6310275895369650964961890342660d0, &
27.6610616950773907472054981601680d0, &
47.926741481344293903114814638370d0, &
77.841156438558403141141103102920d0, &
120.23506388834870211064655192080d0, &
178.378271801862530007736165141620d0, &
256.0d0, &
357.30837153385573639970571545880d0, &
487.00914238020702880378836914120d0, &
650.32375404144814992727930527920d0, &
853.0067780963178662783968288350d0, &
1101.36281040496499227599974510130d0, &
1402.26286395128436259634110476550d0, &
1763.16030239318042362052622717510d0, &
2192.10635080009944194053831989110d0, &
2697.76521546581702532338422358970d0, &
3289.42884086861995525921143117550d0, &
3977.0313286474683698979856465190d0, &
4771.1630407495091270422085157340d0, &
2.70941451227085687489185182680330d0, &
7.5055587878127799063866791669340d0, &
16.7896276543963514182407477780770d0, &
32.9854457069018871279837545258760d0, &
59.228239171873938190569181211470d0, &
99.454860865848086703340508605720d0, &
158.49325367765942848808387760850d0, &
242.151757549290825533983349681840d0, &
357.30837153385573639970571545880d0, &
512.0d0, &
715.51169237652738669163755629550d0, &
978.4658799676509748180206574590d0, &
1312.91161132452231175574849411520d0, &
1732.41378685604118257578977226610d0, &
2252.14239301617164146583751591290d0, &
2888.96173624437576350025704170440d0, &
3661.5196767563631207166309309380d0, &
4590.3368622409635949431681531650d0, &
5697.8959614963618838667554017420d0, &
7008.7308980261341106107286974830d0, &
8549.5160836080165948068941385180d0, &
2.83683457187543167628949035291120d0, &
8.1924994263520546823996592478070d0, &
19.0441559582195900497953479788130d0, &
38.773984183437274014914727112990d0, &
71.980143706540021255821235015610d0, &
124.701825128374534338198699906660d0, &
204.655588182771325530966084195290d0, &
321.482994459455936346060126051720d0, &
487.00914238020702880378836914120d0, &
715.51169237652738669163755629550d0, &
1024.0d0, &
1432.50400944787250838822347070890d0, &
1964.3725919488899242383106310810d0, &
2646.58104150383168687878172575410d0, &
3510.0474648670226373913945239490d0, &
4589.9578238960858142566937638020d0, &
5926.0994069804205386989211448970d0, &
7563.2025226070179586343971796490d0, &
9551.2902225847467208691244101160d0, &
11946.0358753113827480723274150480d0, &
14809.1284209659406284659203551750d0, &
2.95878309703820072785628959275820d0, &
8.879383499959093836451200698290d0, &
21.3907262984220491815755950423720d0, &
45.026692466139690357884926695660d0, &
86.239302321788881518222672986940d0, &
153.861997323359358181359148776410d0, &
259.620939054654855102953598085250d0, &
418.69488636415757402390676474490d0, &
650.32375404144814992727930527920d0, &
978.4658799676509748180206574590d0, &
1432.50400944787250838822347070890d0, &
2048.0d0, &
2867.49824797856088967694809851280d0, &
3941.377837667845219049122341560d0, &
5328.7534131575995478732912824720d0, &
7098.4247731654669014385215689740d0, &
9329.8751888965723809475001601480d0, &
12114.3184449921836405771259817870d0, &
15555.7946035983885813431875501670d0, &
19772.3144915738267168811548126180d0, &
24897.0529108485208970534463343670d0, &
3.07590867236358252001260428797720d0, &
9.5662236182728308816600659350950d0, &
23.8258861250382419056461439780220d0, &
51.743581393073328910933603792170d0, &
102.06050292324996481120583384350d0, &
187.215321589133888698462466767260d0, &
324.319664406117832936898630311540d0, &
536.27070575221813551883456374510d0, &
853.0067780963178662783968288350d0, &
1312.91161132452231175574849411520d0, &
1964.3725919488899242383106310810d0, &
2867.49824797856088967694809851280d0, &
4096.0d0, &
5739.2430692868349290834079749220d0, &
7904.4712968520937434326479630370d0, &
10719.2105013994367802963569735220d0, &
14333.8548876898071381864370230270d0, &
18924.4409087567050919604552415540d0, &
24695.6128847164380670010523851380d0, &
31883.7845868204442082824685600740d0, &
40760.500907196654067443071993690d0, &
3.18874120609094362722002197836510d0, &
10.2530289078786084000420142932570d0, &
26.3465420513185646896173544980120d0, &
58.9246588363669544309997109250d0, &
119.496682584504789454223555433570d0, &
225.041739450827344229254915006230d0, &
399.71258413458241425778221791120d0, &
676.85409498186520668310070091690d0, &
1101.36281040496499227599974510130d0, &
1732.41378685604118257578977226610d0, &
2646.58104150383168687878172575410d0, &
3941.377837667845219049122341560d0, &
5739.2430692868349290834079749220d0, &
8192.0d0, &
11485.8136121182614653160971087940d0, &
15846.6728206229766830494637524590d0, &
21546.4238072601863711498444868790d0, &
28909.3807297623547409505834770820d0, &
38319.540061209845161214520104420d0, &
50228.424814533184295695211281810d0, &
65163.584907150596601860059939290d0, &
3.29772024365727661678849385043340d0, &
10.9398061356924438793623077021110d0, &
28.9499019907075806139165386031290d0, &
66.569930650696322195227437163440d0, &
138.599103028096539746436175928740d0, &
267.62119065253235910711217787530d0, &
486.79004850586030759256927158540d0, &
843.24906703145355524208543751530d0, &
1402.26286395128436259634110476550d0, &
2252.14239301617164146583751591290d0, &
3510.0474648670226373913945239490d0, &
5328.7534131575995478732912824720d0, &
7904.4712968520937434326479630370d0, &
11485.8136121182614653160971087940d0, &
16384.0d0, &
22984.3998842305197654077716698090d0, &
31759.5113617856837988635655021280d0, &
43283.478001227120411820284129890d0, &
58248.24748425374374245888072820d0, &
77481.4782574894333538280821070d0, &
101966.30254736996156769201917210d0, &
3.40321515372857531285650707214850d0, &
11.6265604243846293863414654044310d0, &
31.6334294734835670666749940722920d0, &
74.679401280004112186626372416120d0, &
159.417500005596969891229160943550d0, &
315.233613690749622561653048296220d0, &
586.57108679393758288125309715390d0, &
1038.42000598127348759482563319930d0, &
1763.16030239318042362052622717510d0, &
2888.96173624437576350025704170440d0, &
4589.9578238960858142566937638020d0, &
7098.4247731654669014385215689740d0, &
10719.2105013994367802963569735220d0, &
15846.6728206229766830494637524590d0, &
22984.3998842305197654077716698090d0, &
32768.0d0, &
45991.261924586992681958462011650d0, &
63636.000765065591694192059794670d0, &
86905.918623507419207393113080190d0, &
117264.823131022987741758356583940d0, &
156479.561028126831748163735070760d0, &
3.5055398663708236489322306522480d0, &
12.3132957226574792357920203846210d0, &
34.3948070555316131518486980680170d0, &
83.253074157875302550244354993350d0, &
182.000211721972792392708923413330d0, &
368.15894616707430954793844888650d0, &
700.10262521165360989154861084640d0, &
1265.4916673324388953390380879930d0, &
2192.10635080009944194053831989110d0, &
3661.5196767563631207166309309380d0, &
5926.0994069804205386989211448970d0, &
9329.8751888965723809475001601480d0, &
14333.8548876898071381864370230270d0, &
21546.4238072601863711498444868790d0, &
31759.5113617856837988635655021280d0, &
45991.261924586992681958462011650d0, &
65536.0d0, &
92022.334508406109467290673278430d0, &
127480.302817676450977860516845720d0, &
174418.512170962817832152369134630d0, &
235912.294327434896869816503941210d0, &
3.6049638581934886673072944810860d0, &
13.0000151229980565994792088152380d0, &
37.231906630568047010056550995890d0, &
92.290951978989685267604593851360d0, &
206.394290208353937666609103589850d0, &
426.67712502772058264117316292760d0, &
828.45876526953940902300615039340d0, &
1527.74917822366739815761179138580d0, &
2697.76521546581702532338422358970d0, &
4590.3368622409635949431681531650d0, &
7563.2025226070179586343971796490d0, &
12114.3184449921836405771259817870d0, &
18924.4409087567050919604552415540d0, &
28909.3807297623547409505834770820d0, &
43283.478001227120411820284129890d0, &
63636.000765065591694192059794670d0, &
92022.334508406109467290673278430d0, &
131072.0d0, &
184115.715021781100700328823143220d0, &
255333.901011888192137433053994760d0, &
349929.2285170253558756350048070d0, &
3.7017204896691036331404782531420d0, &
13.686721081612510828342406134250d0, &
40.142765064648967715883270235520d0, &
101.793036887584221571917678971240d0, &
232.645598656163387880640700909390d0, &
491.06808673007054898774277314940d0, &
972.74011519766503483050691287120d0, &
1828.63803758214681639800312469160d0, &
3289.42884086861995525921143117550d0, &
5697.8959614963618838667554017420d0, &
9551.2902225847467208691244101160d0, &
15555.7946035983885813431875501670d0, &
24695.6128847164380670010523851380d0, &
38319.540061209845161214520104420d0, &
58248.24748425374374245888072820d0, &
86905.918623507419207393113080190d0, &
127480.302817676450977860516845720d0, &
184115.715021781100700328823143220d0, &
262144.0d0, &
368359.0002639296069608877121510d0, &
511340.61891902134012894762535310d0, &
3.7960134348252199625275846929210d0, &
14.3734155739328211140496954444740d0, &
43.12556399083589248065810186790d0, &
111.759330611072110521406961782590d0, &
260.798897072351908938147479612910d0, &
561.61176736091948404436222219660d0, &
1134.07316825616289287714229963350d0, &
2171.76411623073194819250454937630d0, &
3977.0313286474683698979856465190d0, &
7008.7308980261341106107286974830d0, &
11946.0358753113827480723274150480d0, &
19772.3144915738267168811548126180d0, &
31883.7845868204442082824685600740d0, &
50228.424814533184295695211281810d0, &
77481.4782574894333538280821070d0, &
117264.823131022987741758356583940d0, &
174418.512170962817832152369134630d0, &
255333.901011888192137433053994760d0, &
368359.0002639296069608877121510d0, &
524288.0d0, &
736948.33287693790691275331145550d0, &
3.8880217108413565261025264229940d0, &
15.0601002066746918532152260494790d0, &
46.178612896396424667674420158930d0, &
122.189834556565705664664326515310d0, &
290.897918128059646704133595499720d0, &
638.58810272199993099014125046560d0, &
1313.60972271634832470242764071580d0, &
2560.89365696553427335784379273870d0, &
4771.1630407495091270422085157340d0, &
8549.5160836080165948068941385180d0, &
14809.1284209659406284659203551750d0, &
24897.0529108485208970534463343670d0, &
40760.500907196654067443071993690d0, &
65163.584907150596601860059939290d0, &
101966.30254736996156769201917210d0, &
156479.561028126831748163735070760d0, &
235912.294327434896869816503941210d0, &
349929.2285170253558756350048070d0, &
511340.61891902134012894762535310d0, &
736948.33287693790691275331145550d0, &
1.0485760d6  /), (/21,21/)             )

 REAL(HIGH), DIMENSION(0:20), PARAMETER  :: gm2=(/ &
1.12837916709551257389615890312150d0, &
0.75225277806367504926410593541440d0, &
0.60180222245094003941128474833150d0, &
0.51583047638652003378110121285560d0, &
0.45851597901024003002764552253830d0, &
0.41683270819112730002513229321660d0, &
0.38476865371488673848473750143070d0, &
0.3591174101338942892524216680020d0, &
0.337992856596606389884632158119540d0, &
0.320203758880995527259125202429040d0, &
0.304955960839043359294404954694320d0, &
0.291697006019954517585952565359780d0, &
0.280029125779156336882514462745390d0, &
0.269657676676224620701680593754820d0, &
0.260359136101182392401622642246040d0, &
0.25196045429146683135640900862520d0, &
0.244325289009907230406214796242610d0, &
0.237344566466767023823180087778540d0, &
0.230929848454151698854986031352090d0, &
0.225008570288660629653576133112290d0, &
0.219520556379181102101049885963210d0  /)

 REAL(HIGH), DIMENSION(0:20), PARAMETER  :: gm3=(/ &
1.0d0, &
0.50d0, &
0.3750d0, &
0.31250d0, &
0.27343750d0, &
0.246093750d0, &
0.22558593750d0, &
0.209472656250d0, &
0.1963806152343750d0, &
0.18547058105468750d0, &
0.1761970520019531250d0, &
0.16818809509277343750d0, &
0.16118025779724121093750d0, &
0.154981017112731933593750d0, &
0.14944598078727722167968750d0, &
0.144464448094367980957031250d0, &
0.13994993409141898155212402343750d0, &
0.135833759559318423271179199218750d0, &
0.132060599571559578180313110351560d0, &
0.128585320635465905070304870605470d0, &
0.125370687619579257443547248840330d0 /)

END MODULE constants        
