>> g

g =

   3.70281584504956
   0.05018647786252
   0.01218781348277
   1.89367641820777
   0.01557116258017
   1.12002484060889
   3.31161539838513
   0.03936405439571
   0.01215603540087
   0.71063999232639
   0.01620587498982
   0.74689821517531
   3.47450696703249
   0.04296858344044
   0.01426603149266
   0.67112077163538
   0.00557586312231
   0.90272494259165
   2.60483262937051
   0.05069031019172
   0.00805838696254
   0.54539490960441
   0.01366995606538
   1.02219883940306
   3.59522421441198
   0.05370072122260
   0.00862825719470
   1.41306482009068
   0.01142158443946
   0.96528055233870
   3.10964257134502
   0.04440770316171
   0.00509929868775
   1.48781500220316
   0.01618246509034
   0.69092942053225
   3.19391267615502
   0.05243453274686
   0.01711476498922
   1.56148866091507
   0.01023207845132
   1.15168181230795
   2.61909579287163
   0.04904979026591
   0.00959529477348
   1.59448487790261
   0.01654180766070
   0.82540144519296
   3.36782177536434
   0.05621485513325
   0.01328197475042
   1.63302787879035
   0.01269792662376
   0.56627404251937
   2.38679067744693
   0.06389001453885
   0.00063470393199
   1.55919846077659
   0.01615210537286
   0.62590226646531
   3.34710946999335
   0.05995379320288
   0.01386457220825
   2.53445818628235
   0.01737777168311
   0.68775971047950
   2.92294058774248
   0.05072234407657
   0.00388360190734
   1.44349806837320
   0.00871311355433
   0.56306704784005
   2.53113445023065
   0.05555273433830
   0.01547860318503
   1.69407102175774
   0.00138474063377
   0.69559987201873
   3.07170593629872
   0.04293485130516
   0.00887156744685
   1.41733373396994
   0.00620283627392
   0.87944110089286
   3.36280277006759
   0.03495928432608
   0.01244611073509
   1.94396515597075
   0.00242015992605
   0.89311422607867
   3.22505636305864
   0.04610548516958
   0.00368276337772
   1.91568418051196
   0.01773566460449
   0.88526843133817
   3.35943386674590
   0.04808805653767
   0.00991240817321
   1.61129694000928
  -0.00039088652839
   0.86817946368668
   4.33515390685569
   0.05336671957818
   0.00615888707101
   1.46414893364531
   0.00683619513284
   0.76962061803304
   2.87213272939409
   0.06367587459378
   0.01346959341806
   2.77643721617393
   0.01337783251398
   0.66563777878012
   3.12051598250389
   0.06364158920174
   0.00824453397937
   0.97175402790016
   0.01508006066689
   1.12534206652687
   3.95413195849969
   0.05249776342498
   0.00769235466054
   1.52928796247850
   0.01303715174174
   0.58775343007106
   2.90954034490938
   0.07017609220336
   0.01504122563953
   1.57355387214212
   0.01571711740140
   0.80825368340202
   3.55607578490299
   0.02546517251912
   0.01362982286194
   0.76189692449746
   0.00298640636418
   0.65310894661137
   3.37169838209588
   0.04203301654847
   0.00927775627474
   1.70873046152579
   0.01971207985866
   0.60944864019779
   2.49594659777304
   0.04656552512327
   0.01498641225220
   1.14069029033530
   0.01190298465385
   0.53347944641788
   3.14645994730650
   0.05067957316631
   0.00117332551329
   0.40745161335037
   0.01408533633908
   0.98629190113952
   2.18256533847649
   0.05764709803956
   0.01674743216944
   1.96932709896991
   0.01086211396253
   0.44962504759547
   3.16865321751163
   0.03158704887692
   0.00826040297362
   1.71557067304958
   0.01270341849210
   0.72283637224829
   3.33294806106540
   0.04581036447452
   0.01793433527208
   1.54717019150327
   0.01531193489889
   0.74066093509288
   2.82026893774172
   0.04499503661712
   0.00993828681069
   1.73078288919303
   0.01345166903246
   0.68554166383620
   3.50646811552221
   0.04685092245579
   0.01203013509514
   1.40546036391170
   0.00217884739328
   0.86564996437218
   1.60552947351052
   0.06840286693766
   0.00550373409887
   2.73076906239263
   0.01705961793568
   0.98248935051899
   2.69998500447240
   0.04313902101727
   0.01061620557974
   0.91205449351720
   0.01332580784034
   0.42723831858070
   1.81449428804252
   0.05115109023208
   0.01020100918344
   1.41090100042451
   0.00401143682790
   0.59556461438626
   2.85019701833974
   0.04212848403325
   0.01221103213541
   0.92800589757158
   0.00492041215925
   0.86187986878818
   2.77664560844605
   0.04209886616644
   0.01396677297296
   1.86867074131228
   0.01514859788406
   1.25032073254191
   2.31125438425347
   0.03419804710010
   0.00479237556745
   0.79361511725750
   0.00604925368328
   0.72066153698983
   2.73425654441718
   0.04752847864537
   0.01765058711896
   1.06513313097723
   0.01323953088016
   0.56992675314591
   1.65708841769277
   0.05983911458782
   0.01161631720387
   1.90058545133549
  -0.00216932107236
   1.10403316344309
   3.46752239809420
   0.03177780472931
  -0.00004480914902
   1.79403515463186
   0.01362775618782
   0.97964283090408
   2.38634246309450
   0.06046383660736
   0.01637383575748
   2.39220691931082
  -0.00144278336751
   0.29144589756090
   3.45632090596896
   0.05201700220430
   0.00363690981331
   1.79271411519095
   0.00783273990893
   0.84984837817200
   3.48582009794542
   0.05371107471758
   0.01236578695144
   2.10491546033892
   0.01395142655031
   1.10569424616956
   2.84576688427927
   0.04533535586991
  -0.00042286325784
   2.46897217271706
   0.01083455912959
   0.49899177229408
   3.30639698734751
   0.06058683064366
   0.02054431040783
   1.19388310765897
   0.01267551261707
   0.43353186271777
   2.95281986977177
   0.04742505811817
   0.00281560619410
   2.03304872884323
   0.01072529710524
   0.76038814218034
   2.86702503576841
   0.03556760530704
   0.00759250126243
   0.61609099721627
   0.00875848125552
   0.70713026610634
   3.37597177906018
   0.05131653283180
   0.01144423619619
   0.48577755802235
   0.01884130526658
   0.52790956251458
   3.42984786365920
   0.03581302958278
   0.00562150820769
   1.53172976808465
   0.01493464050114
   0.63821587201070
   3.38350192168660
   0.06419059791126
   0.00214502711236
   0.85714624001822
   0.01295188819883
   0.92177980713417
   2.49214779494501
   0.05696994393010
   0.00779939930270
   1.29889704949060
   0.01441950684629
   0.78564195603782
   2.97401108912246
   0.06519155665779
   0.01201245508281
   1.82421362166874
   0.00056914581645
   0.90667398329811
   2.84586515793764
   0.03963745717601
   0.01536559822516
   1.99325108189397
   0.00876503100999
   0.83866469207216
   2.86450100832699
   0.05833136022901
   0.00218113720010
   1.62744996200993
   0.00459575442487
   0.49586592815624
   2.70324766689477
   0.05341892355176
   0.00933440669446
   1.26177333489268
   0.00678197566261
   0.81213613407578
   2.94946245743271
   0.05078904056933
   0.01232723481970
   1.35663545686065
   0.01785800323125
   0.63281665195612
   3.43163609153987
   0.03860045567813
   0.00505104718141
   1.74100759819459
   0.01948205737085
   1.09635167982545
   2.30743666438063
   0.07010243891998
   0.01710155867485
   1.93719915563384
   0.00421785283816
   0.97603467748369
   2.15097511913735
   0.04556403940882
   0.00265605349343
   1.82480979822163
   0.00833191476333
   0.72382844099000
   2.59536066736214
   0.05990745268114
   0.00899750719055
   1.74377509820472
   0.01294313758091
   0.59112716320168
   2.79597414157741
   0.06227187509656
   0.01145680307484
   1.69835179572099
   0.01507455883786
   1.09918427782705
   3.35293169626243
   0.05217012708968
   0.01395826911905
  -0.07633608691529
   0.01079629556713
   0.55300329314005
   3.62361314218607
   0.03816100060254
   0.01201370525832
   1.93312662739304
   0.00401269490436
   0.66797475536264
   3.30438794075296
   0.05958538157684
   0.01419461761434
   0.87160728084984
   0.00499169677310
   0.44213090723683
   3.89389240785835
   0.04336148879614
   0.01463938179316
   0.92993548425434
   0.01293681687370
   0.98024628115248
   2.78333698585301
   0.05255758857276
   0.00740024443848
   1.12524354365795
   0.01217366942700
   0.96685167790870
   1.89985879281727
   0.05969026013541
   0.00738333600878
