evec=[ 5.5710551587401263E-005
   2.2352839629692229E-005
   0.1176928568301057     
   8.1314135221901434E-004
  -8.5157417751281963E-003
  -4.1039075091289681E-004
   1.5105129865880377E-003
  -9.9083716299158209E-004
   0.1704569451545344     
   4.9670032102298685E-003
   1.8266465546120582E-002
    1.714233459216937     
    1.373966263824119     
   0.3729331048556333     
   3.2438896518803662E-002
  -6.6030031861730593E-002
   5.5339598558456896E-004
   0.5100556195613569     
  -9.9054307287206237E-005
   5.2025832317434666E-003
    2.005474672493346     
  -1.8195567528416504E-004
    2.688845330369344     
   7.7521560017237770E-002
  -0.3452662280690519     
   9.5582964431128251E-002
   5.9974396411441536E-003
   2.7579824088836338E-007
   2.2078046967082432E-006
   0.3069090189910291     
  -1.1417248240192573E-003
   3.1506659866253878E-004
  -2.7956062045090733E-004
   1.3659346588027782E-002
   -1.466606330281861     
  -0.2498510562891252     
  -1.2001611677401183E-004
   1.7392304830574530E-003
   3.0385894146948561E-003
   1.7580589279212017E-004
   5.5509193988273371E-002
   6.8486644305405049E-004
  -3.3433520908651309E-003
  -3.9824735486848457E-005
   9.0781624797418942E-002
  -0.2749745897719082     
   1.2339302540741678E-003
   6.5938622694117132E-003
   1.4140241312546979E-004
  -1.7463533491575544E-003
   1.5519411955170568E-003
  -4.7042877170823473E-005
   3.0717698774054243E-002
   0.6316165776037360     
  -3.6758923435879546E-003
   4.2216543357500327E-005
   6.5167993484173251E-002
  -4.6634478144656526E-005
   3.6633263787832805E-003
   0.3823693722544936     
   2.4936872835013783E-003
  -4.2239746466887780E-002
  -1.4646207290203571E-003
  -9.3518526294784770E-008
  -3.3009081296425880E-002
  -1.5778856654356434E-005
   4.0475475057022787E-005
  -9.6242879468895444E-021
   0.8794428809222574     
    1.095400922138315     
   1.7427760296737400E-005
   0.6997513652272395     
  -1.9852067350496177E-003
   1.1048760776553068E-021
   7.5428032983135554E-006
   7.5083870752807273E-005
   1.0483394169862742E-004
   1.2258691783300134E-005
   0.7262503143168701     
  -1.0905828951639633E-002
  -2.1255085841213937E-004
  -0.1798969375814418     
  -1.2331983629503416E-002
   7.9280523355109435E-019
   5.9495931965659416E-005
   4.7436606616984141E-005
  -9.3251398450037927E-004
   2.0252772382640425E-002
  -5.6577718432694289E-011
  -1.3571006949295012E-004
  -0.1445946800880800     
    1.246015005480266     
   6.0817642071339606E-002
  -5.0062895317376149E-002
  -0.4675019358455122     
  -1.7821112407983925E-002
  -1.2475096031783399E-007
   1.2213960885879349E-004
   1.2385771549379440E-005
   1.7843090840494047E-004
  -3.2398607760346788E-002
  -0.1370392746059289     
   4.9029461107744619E-004
  -0.2733777700806755     
  -2.9441906153079297E-004
   6.0438558617470939E-004
   1.4077950251838321E-003
  -2.7048585207686306E-003
   3.6879519728542719E-004
  -5.1886012772449426E-002
  -1.2034866985385020E-002
   0.1359899861674118     
  -1.0156034211838067E-004
   0.2205205449205850     
  -2.2653649722467818E-005
   1.8108309877713164E-004
   0.3088915757320417     
  -2.7612272379389092E-003
  -1.7599628834097169E-002
   0.5359191058936350     
   1.6458495490690481E-002
   2.4967556702647487E-002
   3.3797584537920849E-004
  -9.8632606651700347E-017
  -1.1737435043313962E-003
   1.9263997732737296E-004
    1.405698527083308     
  -3.3070729603243648E-004];

pwr=[2
4
6
8
10
12
14
16
18
20
22
22
24
26
28
30  
2
4
6
8
10
12
14
16
18
20
22
22
24
26
28
30  
2
4
6
8
10
12
14
16
18
20
22
22
24
26
28
30  
2
4
6
8
10
12
14
16
18
20
22
22
24
26
28
30  
2
4
6
8
10
12
14
16
18
20
22
22
24
26
28
30  
2
4
6
8
10
12
14
16
18
20
22
22
24
26
28
30  
2
4
6
8
10
12
14
16
18
20
22
22
24
26
28
30  
2
4
6
8
10
12
14
16
18
20
22
22
24
26
28
30  ];

pt=[ 4.391077909827467     
   0.8175075087514116     
    7.421658893789675     
    4.918062061081643     
   0.7137941813552151     
    2.433815751757395     
   0.8547398957732092     
  -6.2921854713710826E-002
   0.2382867241207715     
    3.956001312432321     
   0.8610014347482318     
    6.531813020738732     
    1.892685143239073     
   0.6108599610444524     
    6.649814672798672     
    2.728711737837842     
  -0.2868686202873016     
    7.393661162848186     
    2.862949571256474     
   0.6547660091018372     
    9.557631315786821     
    3.468462642282932     
   0.3573009656526476     
    4.290417177488472     
    1.526235022347775     
  -2.7066445453228106E-002
    3.379711217956208     
    3.433062213613469     
   0.4155504241072459     
    7.980265574948304     
    1.714116116293577     
  -2.2771169721442983E-002
    7.828139340686413     
    1.660085602282272     
   1.4370857433639554E-004
   0.7857805207146020     
    1.808029609619926     
  -6.5223776805374167E-002
   0.7343074626408985     
    1.694136097225192     
  -4.9150496522934968E-002
   0.3040581074112390     
    5.224172215673230     
   0.3450593885519032     
    8.499802328934265     
    2.863024117084425     
  -2.6629068897255147E-002
  -0.3781185767897159     
    2.832837833220980     
   0.5947693431316977     
    6.075023064297702     
   0.7585752851523410     
  -6.4126297860999095E-003
   0.3185601039273177     
    4.439987371664937     
   0.3259424256626069     
    3.011568739068710     
    1.937258848491858     
   0.9284764566173358     
    7.987675389175888     
    1.173364734558030     
  -2.7084809548533522E-002
   0.3904910653312494     
    4.144426146509001     
   8.8510934550135256E-002
    2.450269014834787     
    1.472588584100475     
  -0.1615055386688328     
   0.5287857214159598     
    2.013439600455360     
   0.1818848611002102     
    5.479867611129426     
    2.100611510135256     
  -1.8525118169720970E-002
   0.5391819064505804     
    1.797079824392047     
  -0.2945218202795709     
    1.457577926247680     
    2.976054709809989     
   0.5614818756701691     
    8.792325230728252     
    5.147565506083110     
   0.2622435528370482     
   0.1640935431527389     
   0.8365220185466807     
  -6.4983507681657268E-002
    4.066764622486435     
    2.013645119084634     
  -1.6342408764975062E-002
    1.041122373677649     
    1.388545705531236     
  -9.3854225869235974E-002
    5.166171052923880     
    1.695598191907126     
   7.4143487055929286E-004
    29.55149849615560     
    2.972552593251776     
   0.1813151184933195     
    3.286960955724068     
    1.522990772848846     
   0.1378931602132522     
   0.5764042309596676     
   0.9199092130250592     
  -9.1793817986380449E-003
   0.3504026067686804     
    1.482633759661091     
   4.8662864672302346E-002
    5.234541110989972     
    3.427187987818929     
   0.7661221265075441     
    3.802644995269103     
    2.874014937017363     
   0.7101609766678486     
    6.527753352463937     
    2.929706900238360     
   0.7279086718081691     
    7.119435427679023     
    4.944009603840802     
   0.1878540636160491     
    2.236779087379082     
    1.903791077351670     
   8.0321907860021427E-002
    2.540352495493274     
    4.421891683237419     
   0.5636788218750147     
    4.533075496476288     
    3.774590185453778     
   0.6063147949500927     
    7.390451375565836     
    5.113664702966635     
   0.2391561059336957     
    4.163723303016257     
    1.581059443591066     
  -1.5752436336052170E-002
    10.84369201563067     
    2.217660011797809     
  -1.4651635211800015E-002
   0.3581957495619142     
    1.744238162643620     
  -1.7902594538573121E-002
    16.89607771068923     
    1.984008115205321     
   0.1076224883896527     
    5.159162437497487     
    4.234606376631097     
   0.1601112588909541     
    4.793725008801438     
    2.978686800224143     
   0.9295758650278931     
    6.209492900647230     
    2.381921784181340     
   0.4288448424230247     
    8.561883478816890     
    4.523214999525515     
