function c = coefs(m,n)

% coefs(m,n) is a table lookup for the coef's of the overlap matrix ellements
%	in the function overlap(ak,al,m,n)

if ((m>21)|(n>21)) 
	error('coefs(m,n): m or n to large max=20');
end

cmat=[ 
  2.82842712474619, 3.685270927694245, 4.381780460041329, 4.983395846988958, ...
  5.520524474738834, 6.010201529555536, 6.463092276268518, 6.886391538062831, ... 
  7.285221682063485, 7.663381498687861, 8.02377985151022, 8.36870236790339, ... 
  8.6999835221552, 9.01912212110351, 9.32736138698486, 9.62574605215318, ... 
  9.91516404492237, 10.19637756024414, 10.47004664120884, 10.73674736496061, ... 
  10.99698606854578; 
  
  3.685270927694245, 5.656854249492381, 7.612262895585156, ...
  9.56182887467515, 11.50865973495015, 13.45399944292035, 15.39843959878782, ... 
  17.34229640950831, 19.28575384313679, 21.2289260618268, 23.17188759696175, ... 
  25.11468914230806, 27.05736636331052, 28.99994507385066, 30.94244441365731, ... 
  32.88487887183006, 34.82725961698565, 36.76959539599838, 38.71189315606834, ... 
  40.65415848456092, 42.59639592595441; 
 
  4.381780460041329, 7.612262895585156, 11.31370849898476, 15.44048729835795, ...
  19.95550606279435, 24.82923779340686, 30.0377385011877, 35.56117298984136, ... 
  41.38279529715623, 47.48823827208339, 53.86500728012507, 60.50211048047859, ... 
  67.38978258717207, 74.51927418121557, 81.8826880492611, 89.4728499715465, ... 
  97.2832052262772, 105.3077346199162, 113.5408855711669, 121.9775149616578, ... 
  130.6128412993219;
  
  4.983395846988958, 9.56182887467515, 15.44048729835795, ...
  22.62741699796952, 31.12509677189083, 40.9345375402772, 52.05622697238239, ... 
  64.49042862793969, 78.23729719763472, 93.296929359244, 109.6693885989137, ... 
  127.3547183088344, 146.3529491436808, 166.6641033691956, 188.2881975449023, ... 
  211.225244240169, 235.4752531666405, 261.0382319460225, 287.9141866431327, ... 
  316.1031221438336, 345.6050424280399; 
 
  5.520524474738834, 11.50865973495015, 19.95550606279435, 31.12509677189083, ...
  45.25483399593904, 62.56379851870542, 83.2567853552628, 107.5268800695629, ...
  135.5572956065326, 167.522758224683, 203.5905909027066, 243.9215819061348, ... 
  288.670694833358, 337.987658339199, 392.01746247016, 450.9007811750564, ... 
  514.7743355439774, 583.7712088180452, 658.0211216919084, 737.65067458333, ... 
  822.7835621656;
  
  6.010201529555536, 13.45399944292035, 24.82923779340686, ...
  40.9345375402772, 62.56379851870542, 90.5096679918781, 125.5643439047061, ... 
  168.5198306827221, 220.1680382924301, 281.3008261608231, 352.7100246984506, ... 
  435.1874466970153, 529.5248937507873, 636.5141600627848, 756.9470347984942, ... 
  891.615303594678, 1041.310749556925, 1206.825153937126, 1388.950296604546, ... 
  1588.477956380272, 1806.199911279111; 
 
  6.463092276268518, 15.39843959878782, 30.0377385011877, 52.05622697238239, ...
  83.2567853552628, 125.5643439047061, 181.0193359837562, 251.7717840936554, ... 
  340.0761160473966, 448.2866177911708, 578.8534168470362, 734.3189061742632, ... 
  917.314535894845, 1130.557915068647, 1376.850177250489, 1659.073572479825, ... 
  1980.189255254657, 2343.235243422102, 2751.32452715381, 3207.643310542581, ... 
  3715.449371061241;
  
  6.886391538062831, 17.34229640950831, 35.56117298984136, ...
  64.49042862793969, 107.5268800695629, 168.5198306827221, 251.7717840936554, ... 
  362.0386719675123, 504.5299424297365, 684.9085993573772, 909.291221673754, ... 
  1184.247973584907, 1516.802610356356, 1914.432481742242, 2385.068534108681, ... 
  2937.095311796535, 3579.350958023352, 4321.127215496523, 5172.169426839988, ... 
  6142.676534897439, 7243.301082951783; 
 
  7.285221682063485, 19.28575384313679, 41.38279529715623, 78.23729719763472, ...
  135.5572956065326, 220.1680382924301, 340.0761160473966, 504.5299424297365, ... 
  724.0773439350247, 1010.620689945247, 1377.469868307557, 1839.393345797602, ... 
  2412.66750875998, 3115.124447136099, 3966.198320424089, 4986.970424564567, ... 
  6200.213062931388, 7630.432311620267, 9303.90975843522, 11248.74328591188, ... 
  13494.88696104242;
  
  7.663381498687861, 21.2289260618268, 47.48823827208339, ...
  93.296929359244, 167.522758224683, 281.3008261608231, 448.2866177911708, ... 
  684.9085993573772, 1010.620689945247, 1448.154687870049, 2023.772678790822, ... 
  2767.519435539153, 3713.474813864507, 4900.006146027893, 6370.020633197735, ... 
  8171.21773714744, 10356.3415715296, 12983.43329288465, 16116.08349147808, ... 
  19823.68458202384, 24181.68319433073; 
 
  8.02377985151022, 23.17188759696175, 53.86500728012507, 109.6693885989137, ...
  203.5905909027066, 352.7100246984506, 578.8534168470362, 909.291221673754, ... 
  1377.469868307557, 2023.772678790822, 2896.309375740099, 4051.733196630036, ... 
  5556.08472217622, 7485.66160562846, 9927.91345877649, 12982.36121054868, ... 
  16761.54030664573, 21391.96716489049, 27015.12834188178, 33788.49190292182, ... 
  41886.54051970979;
  
  8.36870236790339, 25.11468914230806, 60.50211048047859, ...
  127.3547183088344, 243.9215819061348, 435.1874466970153, 734.3189061742632, ... 
  1184.247973584907, 1839.393345797602, 2767.519435539153, 4051.733196630036, ... 
  5792.618751480198, 8110.50982474474, 11147.89998493322, 15071.9906948588, ... 
  20077.37717139153, 26388.87205477155, 34264.46688762898, 43998.4314037981, ... 
  55924.55062697959, 70419.49977928505; 
 
  8.6999835221552, 27.05736636331052, 67.38978258717207, 146.3529491436808, ...
  288.670694833358, 529.5248937507873, 917.314535894845, 1516.802610356356, ... 
  2412.66750875998, 3713.474813864507, 5556.08472217622, 8110.50982474474, ... 
  11585.23750296039, 16233.03077268246, 22357.22102279416, 30318.50573802238, ... 
  40542.26396651761, 53526.40198698391, 69849.74134536349, 90180.9611649275, ... 
  115288.1063841567;
  
  9.01912212110351, 28.99994507385066, 74.51927418121557, ...
  166.6641033691956, 337.987658339199, 636.5141600627848, 1130.557915068647, ... 
  1914.432481742242, 3115.124447136099, 4900.006146027893, 7485.66160562846, ... 
  11147.89998493322, 16233.03077268246, 23170.47500592079, 32486.7867702943, ... 
  44821.15924282825, 60942.4895377318, 81768.0766156747, 108384.0265169242, ... 
  142067.4391787003, 184310.4510970862; 
 
  9.32736138698486, 30.94244441365731, 81.8826880492611, 188.2881975449023, ...
  392.01746247016, 756.9470347984942, 1376.850177250489, 2385.068534108681, ... 
  3966.198320424089, 6370.020633197735, 9927.91345877649, 15071.9906948588, ... 
  22357.22102279416, 32486.7867702943, 46340.95001184158, 65009.7000785708, ... 
  89829.4634043594, 122424.1632320258, 164750.9231533923, 219150.7147689153, ... 
  288404.2559350577;
  
  9.62574605215318, 32.88487887183006, 89.4728499715465, ...
  211.225244240169, 450.9007811750564, 891.615303594678, 1659.073572479825, ... 
  2937.095311796535, 4986.970424564567, 8171.21773714744, 12982.36121054868, ... 
  20077.37717139153, 30318.50573802238, 44821.15924282825, 65009.7000785708, ... 
  92681.9000236832, 130082.9327288085, 179989.7906742808, 245807.0575357135, ... 
  331675.0065223499, 442591.0348803308; 
 
  9.91516404492237, 34.82725961698565, 97.2832052262772, 235.4752531666405, ...
  514.7743355439774, 1041.310749556925, 1980.189255254657, 3579.350958023352, ... 
  6200.213062931388, 10356.3415715296, 16761.54030664573, 26388.87205477155, ... 
  40542.26396651761, 60942.4895377318, 89829.4634043594, 130082.9327288085, ... 
  185363.8000473663, 260278.4670060432, 360568.7463603743, 493330.0508822247, ... 
  667260.7323368237;
  
  10.19637756024414, 36.76959539599838, 105.3077346199162, ...
  261.0382319460225, 583.7712088180452, 1206.825153937126, 2343.235243422102, ... 
  4321.127215496523, 7630.432311620267, 12983.43329288465, 21391.96716489049, ... 
  34264.46688762898, 53526.40198698391, 81768.0766156747, 122424.1632320258, ... 
  179989.7906742808, 260278.4670060432, 370727.6000947326, 520757.8824596454, ... 
  722193.3314892833, 989749.321679063; 
 
  10.47004664120884, 38.71189315606834, 113.5408855711669, 287.9141866431327, ...
  658.0211216919084, 1388.950296604546, 2751.32452715381, 5172.169426839988, ... 
  9303.90975843522, 16116.08349147808, 27015.12834188178, 43998.4314037981, ... 
  69849.74134536349, 108384.0265169242, 164750.9231533923, 245807.0575357135, ... 
  360568.7463603743, 520757.8824596454, 741455.2001894653, ... 
  1041876.587990888, 1446289.676535065; 
 
  10.73674736496061, 40.65415848456092, 121.9775149616578, 316.1031221438336, ...
  737.65067458333, 1588.477956380272, 3207.643310542581, 6142.676534897439, ... 
  11248.74328591188, 19823.68458202384, 33788.49190292182, 55924.55062697959, ... 
  90180.9611649275, 142067.4391787003, 219150.7147689153, 331675.0065223499, ...                                                             
  493330.0508822247, 722193.3314892833, 1041876.587990888, ...                                        
  1482910.400378931, 2084404.654245616; 
 
  10.99698606854578, 42.59639592595441, 130.6128412993219, 345.6050424280399, ...
  822.7835621656, 1806.199911279111, 3715.449371061241, 7243.301082951783, ... 
  13494.88696104242, 24181.68319433073, 41886.54051970979, 70419.49977928505, ...  
  115288.1063841567, 184310.4510970862, 288404.2559350577, 442591.0348803308, ...                                                            
  667260.7323368237, 989749.321679063, 1446289.676535065, ...                                             
  2084404.654245616, 2965820.800757861];
  
  c=cmat(m+1,n+1);
