% 

evec=[ -3.8101494453869449E-003
  -1.5703690811622738E-003
   1.8433588636666712E-003
   7.3143661703800069E-004
   1.6413845164148099E-005
   1.9966965994998647E-003
    2.321824816926768     
   0.2370388482147475     
  -9.2428951533409149E-004
   6.6889695140451802E-002
   3.3155507644184695E-003
  -1.7431766829051929E-002
   7.5324448028374997E-004
    1.588321773477808     
  -2.7179830756152309E-003
   4.5873106907244037E-003
  -3.5631611198056919E-003
  -2.2775574155866222E-004
  -4.6169108016469495E-003
   3.0249094687516604E-003
  -9.3820393268105595E-004
   3.8841985957966964E-003
   0.7405926260802724     
  -8.5649432862289611E-007
    1.184226425351961     
  -1.5287400193726589E-003
  -5.2247328863847080E-003
   0.2396877955250786     
  -9.7949158773643855E-003
   6.1836693279973608E-004
  -2.7431969565356591E-003
   0.4059709654434208     
  -1.7220801009763401E-003
   2.8007058683853004E-003
   1.0944107275812853E-002
   1.1073043714680410E-002
   1.0623034753750266E-003
  -3.9072722488944110E-003
   5.2987318970893403E-008
  -5.2533440106267702E-004
  -3.6253532289407697E-002
   5.0646597215249336E-014
  -6.1314934647037291E-004
  -5.4304770861416730E-004
   0.7761943032209861     
   4.4559933491993622E-003
  -5.3700998638464917E-004
   5.9132405881475055E-004
  -3.4347856317733603E-003
    3.808089929608027     
  -2.1021105093326980E-002
   1.6281774952701053E-003
   1.0174985121455570E-003
   1.6716748466572842E-003
  -4.6137626053041831E-004
  -9.1664467579572536E-004
   7.5781275318736229E-003
  -6.2797577749514597E-004
  -5.0617801636519124E-004
   4.0400011459565694E-003
   2.7316778918647761E-003
   1.6541303940009113E-003
   1.3925455780336932E-002
  -0.3797389257376416     
   9.7106119933495841E-003
  -6.6623746801791270E-003
   1.9217524801925266E-002
  -9.0668430770778144E-003
   5.5364921185457345E-003
   1.3911668034658677E-004
    4.636174098052065     
  -7.5876118153317712E-002
  -4.9171074869205850E-003
   3.7918650234526221E-005
   3.7817432520276396E-002
  -5.1766443691635827E-003
   6.2673904533650307E-004
   5.1603950979649406E-002
  -1.6381591004221881E-003
  -1.4416143662255832E-003
   3.8470918307134659E-003
  -2.6476644931306846E-004
  -5.8847161272634245E-003
   2.5800781740314547E-011
    2.582167768270272     
  -3.3805730732294585E-003
  -2.6893664958717195E-003
  -1.3229326849587806E-003
   1.9347910294818659E-003
  -2.6391328007366109E-003
   1.5671652861902911E-004
  -4.4813712605677077E-003
   1.3056827812906392E-003
   5.2761337799974079E-002
   1.2136782023369130E-013
  -0.1500253878883976     
  -6.2817151288315516E-003
  -6.4265186586909249E-005
  -6.3171291504519628E-004
   3.8838368258528383E-004
  -6.7898246664900488E-004
  -3.6447530550921281E-003
  -4.5567198765146607E-005
   6.0289382615636724E-004
   2.4551638698683516E-003
   7.2503588390729137E-002
   1.8353663673984666E-003
  -0.3275880507119218     
   3.8158120643058532E-003
   1.3496427693662839E-003
  -1.1608310666590425E-002
  -6.2785307627545294E-005
   4.7171594804469022E-004
   1.1612981460941363E-002
   3.3526608402137718E-003
  -9.3568404067429108E-004
  -3.3240218870204757E-003
  -2.7322735124498511E-003
  -1.8307462470734484E-003
    1.098642586285772     
   7.4569222638035185E-003
  -3.0494864504921861E-002
    1.103690913881762     
   5.5383477336566601E-004
  -9.7140748888627988E-011
   2.7196190806460852E-002
  -6.2987402535558776E-002
   5.4367299940146600E-003];

pwr=[12
12
12
12
12
12
12
12 
14
14
14
14
14
14
14
14 
16
16
16
16
16
16
16
16 
16
16
16
16
16
16
16
16  
18
18
18
18
18
18
18
18 
18
18
18
18
18
18
18
18 
20
20
20
20
20
20
20
20 
20
20
20
20
20
20
20
20
22
22
22
22 
22
22
22
22
22
22
22
22 
22
22
22
22
24
24
24
24 
24
24
24
24
24
24
24
24  
24
24
24
24
26
26
26
26 
26
26
26
26
26
26
26
26 
26
26
26
26
28
28
28
28 
28
28
28
28
30
30
30
30
30
30
30
30   ];

pt=[ 2.546976006226891     
   8.0426626590506395E-003
    4.333756381068798     
    3.885136003507311     
   0.7575777142173501     
    4.600116669421586     
    3.736051913554567     
   0.8704059377446486     
    4.473573700073647     
    4.236729545145308     
   0.6456552961449424     
    3.209627937675751     
    4.466130160981463     
   0.6027854116777525     
    2.020171454038466     
    3.679997844952533     
   0.8875891533399570     
    8.580913619546987     
    1.306715744093137     
  -1.5360248783068952E-002
    1.186891974275380     
    1.564676794071769     
  -0.5337131408372805     
   0.7554271648863680     
    4.879179628599196     
   0.6604432246322961     
    5.755177017393507     
    1.337446366379862     
   0.1046833933447972     
    4.734647729199232     
    4.011215696461838     
   0.1637121234397241     
    5.431062185672940     
    1.675567338888588     
   6.2765181660979955E-002
    3.716276763182867     
    3.533136593603216     
   0.2425462143210392     
    2.720287077995031     
    1.399559061606580     
  -0.1461883149995440     
   0.5620459240431213     
    2.607301221421706     
   0.8749284332100297     
    7.957505959110808     
    3.439887477404255     
   0.5861286327338572     
    6.637895672673521     
    2.956872794776830     
   0.7456726962866713     
    8.930224882331935     
    3.678519069897359     
   0.7684520754012908     
    2.470054222066273     
    3.777427459167920     
   0.6844133684967585     
    9.369227137065709     
    2.383256660961018     
   0.6736437858026832     
    7.224513165197392     
    4.196041367334533     
   0.3997884135827598     
    8.643209082243002     
    2.384756351666035     
   0.5066381912086948     
    6.721238402414754     
    1.590693737448548     
  -0.2505398821606685     
   0.8496804713572678     
    5.116713181986325     
  -4.3204372422581114E-002
    2.411576482593373     
    1.466628937780273     
  -1.5389387757736041E-002
    1.772581683813730     
    4.247660543153235     
   0.9535501660022065     
    8.533293162447400     
    2.966129467810640     
   0.3867463950621942     
    5.300713939596241     
    1.619202778009648     
  -0.2695463719374582     
    1.412332918841489     
    3.609685980727674     
   0.6437248511631604     
    8.222817756057204     
    3.394420276407130     
   4.7187828421928819E-002
    5.137077044177103     
    2.448039227550054     
   0.7888279708130398     
    8.823771943237347     
    1.455904095130220     
  -3.6374301626476771E-002
    2.857190659578252     
    4.448383719334054     
   0.6481764527299679     
    4.711263822902988     
    4.649905495623369     
   0.6272701896672839     
    5.582549521738550     
    2.400530032105450     
   0.6912448133201720     
    9.639832907183042     
    2.397352730640615     
   0.5772737197813034     
    9.609878898776746     
    2.124884482281864     
   0.7892574916704808     
    3.877002554050433     
    4.201548702277700     
   0.1504841441065670     
    4.305438618533141     
    4.365976676968349     
   -2.017884001948314     
   0.2520771426594069     
    4.095768048831297     
   0.3047322731845090     
    1.455770922027509     
    2.250824297657541     
   0.6088892668210546     
    9.336629234926722     
    1.755007162775406     
   0.8547214349689231     
   0.1263417404933771     
    3.440495661744474     
   0.5396517073738234     
    7.450336761654571     
    5.184132825363960     
   0.4294520560865907     
    4.182508736612343     
    1.408706621253763     
  -1.0942287394613968E-002
   0.3015273732530356     
    3.411175184521326     
   0.7755746514431587     
    6.117099505822220     
    3.268307388124396     
   0.1418949080435182     
    5.467378320635439     
    4.576728385587754     
   0.7929467720508632     
    8.190836247625494     
    2.414448766131899     
   0.7796428131118329     
    7.075678947966745     
    1.560644334524573     
  -0.1122314373694041     
   0.4260765909663276     
    3.877360739479105     
   0.6565672913606231     
