% 256 term H2+ partially optimized
evec=[ -6.613175726368207E-003
  4.016629695985485E-004
  1.180352953898778E-002
  3.575695279693474E-005
  1.430868065792061E-006
 -9.340014915128090E-003
  2.587646593701491E-004
  9.576200840756371E-002
 -7.262875040772930E-003
 -6.177027663784265E-004
  3.943222310063514E-006
  8.767799542408309E-005
  2.875857805190290E-005
  9.853882883942414E-003
  1.601570093392499E-002
 -3.028491392805464E-005
  2.662879826580177E-003
  1.441868680153845E-002
  6.136854657682735E-002
 -1.086739828256003E-002
  5.703386620084716E-003
  7.098357948741388E-004
 -8.907489807533025E-004
 -9.207053163582825E-002
  1.789538105350501E-002
 -1.916188451037915E-002
  4.336499458351578E-005
 -4.232136397094723E-014
 -9.321285774242700E-003
 -1.112796322386939E-002
  9.712729505107780E-003
 -2.247592638159416E-004
 -1.410986604531538E-003
 -2.413361926888481E-003
 -1.019106778457345E-004
 -6.945115712876525E-003
 -9.186374651661189E-002
 -5.719895540654367E-005
  6.601927004248397E-003
 -2.244548200761606E-003
  1.113834771650075E-003
  6.335636437575156E-003
 -5.676257801092546E-005
 -1.031929352242437E-002
  4.781925200977652E-003
  1.148832879342505E-014
  1.356618796203083E-014
  4.279954875548922E-006
 -1.696750284540929E-002
  1.790897790779280E-005
 -4.505141620201749E-004
  4.372301046367363E-002
 -7.022189285520902E-003
 -4.829318249512676E-006
 -6.519751319134278E-005
 -2.881352590914940E-002
  3.622848947550210E-003
 -0.225082208774848
 -5.962768264978740E-003
  3.228924072506411E-003
 -5.040592027337103E-005
 -4.839187694567019E-004
  1.537423482807370E-003
 -9.611489446182997E-005
  2.137326966529891E-002
  1.561110833777454E-005
  7.167998306039318E-004
  4.120085538970196E-004
  1.111287284749541E-004
 -1.777938589766537E-002
 -5.512580774541489E-003
 -1.590710357567442E-002
 -2.400540992115549E-003
  1.752436928298596E-003
 -1.002269913900477E-002
 -1.082410266286952E-003
 -3.215691215058755E-003
 -4.776699108510398E-005
 -4.957980277676846E-004
  2.902289700258783E-003
 -1.389641155935121E-002
  8.834977713567684E-004
 -1.814583067280561E-004
  5.616730050234981E-003
  1.349803856453905E-005
 -1.512030191754275E-003
 -1.197549467014002E-002
 -2.870211229962534E-002
 -1.193954760140000E-002
  2.763198297941534E-003
  2.699618857869697E-004
 -3.089337070142199E-003
  4.715570885023044E-004
  1.596553178459113E-005
  2.687495202091422E-015
 -3.588626390703724E-003
  4.372012695168010E-002
 -3.636298692292186E-002
 -4.467587382388950E-005
  9.493105209590948E-005
 -3.432192856709209E-004
 -1.477396550359858E-002
 -3.492648070164691E-004
 -9.686998761768072E-004
 -7.186938596635272E-004
 -6.254034011979095E-003
 -4.593366823835039E-004
 -8.336518566828122E-006
  2.746357993427654E-004
  5.103460383518644E-005
 -1.970316450266444E-002
  2.358156698723230E-004
 -1.603674271900780E-004
 -4.129849585876487E-004
  7.866257668676707E-004
  4.392227347331456E-003
  1.592795237465270E-003
  5.167983961707622E-004
  7.649871741485641E-014
  3.515164510171162E-005
 -7.676348447281892E-003
  3.137955510302179E-002
  3.264650306030944E-004
  6.242483159365777E-003
  5.078331330843672E-004
 -1.598179469227307E-004
 -9.555992488945220E-004
 -1.673409690530280E-002
  2.527944830645969E-004
 -3.111683358853933E-005
  2.094405463591727E-003
 -4.843443643887907E-006
 -1.394687738348126E-005
 -1.488500816277191E-003
 -2.258135408314699E-005
 -3.166588874530640E-004
 -2.879613128724942E-003
  2.991364538197759E-002
 -1.010262578671344E-003
 -1.466261448293548E-003
  9.637230384795623E-004
 -9.075096797840611E-003
 -4.954089070519208E-004
  2.887299910067834E-003
 -8.197259718934936E-003
 -2.360807961652540E-004
 -4.342314251055023E-003
  2.168813652583227E-003
  1.772117447325186E-004
 -1.902617101951310E-002
  1.146897889785028E-004
  1.930108889187850E-002
 -4.896563526293643E-003
 -9.983404217231723E-003
 -3.087522563089206E-003
 -1.537032152191064E-003
 -1.889992827546159E-002
 -4.689035417723502E-003
  6.650873349020874E-003
  4.620002352329577E-003
  1.829702488065552E-003
  1.284515460655103E-002
  1.280824644524275E-004
 -0.106563922085670
 -3.784477434518229E-003
  9.139240562017609E-003
 -8.878058694973643E-004
  1.272448047598689E-002
 -0.109661180812452
 -2.842562226225925E-003
 -9.245082942463387E-004
  1.273228228308677E-007
  1.216239140872230E-003
  1.648145938055992E-003
 -3.923633718078968E-004
 -8.773570567373112E-005
 -0.221195980264644
  5.790044156807509E-003
  2.294039611152335E-004
  7.670766128094934E-003
  1.211473909332252E-004
 -1.216594328470792E-006
  3.615982215175975E-005
  1.734083973304807E-002
  2.328419522727161E-003
  0.130950512253683
 -1.728865828973044E-003
 -6.946559713202636E-003
 -1.859402026093599E-002
 -2.603112857609737E-004
 -9.758504983812054E-003
 -4.364314865329410E-003
  2.904472263111340E-005
 -1.753216970452985E-002
  1.891636252923247E-003
 -1.205611011636170E-003
  1.439327623107066E-003
 -1.154570579028816E-002
 -2.379531297306560E-003
  2.987279271241023E-003
 -1.989744567117867E-003
  5.092124304328808E-003
  1.063891097753405E-002
  1.546283067347698E-002
  1.376761647978189E-003
 -0.347353685260952
 -6.013118626784290E-002
 -2.310328557351659E-003
  3.420018387425150E-003
 -5.096129390789328E-003
 -8.236725880988111E-004
 -3.399586796491311E-002
  8.575965066089392E-003
 -1.002396975111457E-003
  7.479009279891192E-004
 -0.105892200062301
  2.981001568188701E-003
  1.235007993090013E-003
  8.302438630345353E-003
  5.271866707713130E-004
  2.268527727997904E-005
 -1.072464926800294E-002
 -1.287591680702799E-003
  1.787881075549903E-003
  1.212996585892383E-004
 -5.913607762571344E-003
 -1.327458656393886E-002
  4.667287831159940E-003
  1.422513825899059E-002
  6.420998399989384E-004
  6.792518198538164E-003
 -1.861102239463372E-003
  2.684544979709333E-003
 -9.522049154266268E-004
 -8.818048581360317E-005
 -8.549791616808033E-004
  2.164416213148078E-002
  4.474565362151284E-003
 -2.520773621267041E-004
  4.041401393073973E-003
  1.873871818222328E-003
 -5.447672026180890E-005
 -6.494287486045662E-004
  5.707144858473047E-004
  2.596219988816200E-003
  8.388861862807453E-003
 -0.122352486750567
 -1.868588641604555E-003
 -4.329245671059254E-002
  5.458272809707396E-003
  3.274523366906646E-003
 -9.138100078166849E-003
 -7.236889323021556E-004
 -3.659140716720889E-003
 -7.141943601102274E-004
  3.778187697995337E-003];

pwr=[12
12
12
12
12
12
12
12 
14
14
14
14
14
14
14
14 
16
16
16
16
16
16
16
16 
16
16
16
16
16
16
16
16  
18
18
18
18
18
18
18
18 
18
18
18
18
18
18
18
18 
20
20
20
20
20
20
20
20 
20
20
20
20
20
20
20
20
22
22
22
22 
22
22
22
22
22
22
22
22 
22
22
22
22
24
24
24
24 
24
24
24
24
24
24
24
24  
24
24
24
24
26
26
26
26 
26
26
26
26
26
26
26
26 
26
26
26
26
28
28
28
28 
28
28
28
28
30
30
30
30
30
30
30
30  
12
12
12
12
12
12
12
12 
14
14
14
14
14
14
14
14 
16
16
16
16
16
16
16
16 
16
16
16
16
16
16
16
16  
18
18
18
18
18
18
18
18 
18
18
18
18
18
18
18
18 
20
20
20
20
20
20
20
20 
20
20
20
20
20
20
20
20
22
22
22
22 
22
22
22
22
22
22
22
22 
22
22
22
22
24
24
24
24 
24
24
24
24
24
24
24
24  
24
24
24
24
26
26
26
26 
26
26
26
26
26
26
26
26 
26
26
26
26
28
28
28
28 
28
28
28
28
30
30
30
30
30
30
30
30    ];

