h2pse=[ 0.60510000000000  -0.77916361064077
   0.65485000000000  -0.86157693216862
   0.70460000000000  -0.92750573724249
   0.75435000000000  -0.98049752531876
   0.80410000000000  -1.02321080068912
   0.85385000000000  -1.05766545863143
   0.90360000000000  -1.08542170594640
   0.95335000000000  -1.10770743710232
   1.00310000000000  -1.12549326853457
   1.05285000000000  -1.13955435468605
   1.10260000000000  -1.15052048185796
   1.15235000000000  -1.15890191314122
   1.20210000000000  -1.16511718899855
   1.25185000000000  -1.16951183674150
   1.30160000000000  -1.17237627072363
   1.35135000000000  -1.17394971332575
     1.401100000000000       -1.174434444894233	
        1.450850000000000       -1.174000913376321
        1.500600000000000       -1.172793973889994
        1.550350000000000       -1.170936403157298
        1.600100000000000       -1.168533768178774
        1.649850000000000       -1.165675890453294
        1.699600000000000       -1.162440020054426
        1.749350000000000       -1.158892782383618
        1.799100000000000       -1.155090959107590
        1.848850000000000       -1.151084235844850
        1.898600000000000       -1.146915614809344
        1.948350000000000       -1.142625269840862
        1.998100000000000       -1.138243872270120
        2.047850000000000       -1.133800285234274
        2.097600000000000       -1.129317180574287
        2.147349999999999       -1.124816997444676
        2.197099999999999       -1.120319298822031
        2.246849999999999       -1.115842818296436
        2.296599999999999       -1.111398946371367
        2.346349999999999       -1.106996378688204
        2.396099999999999       -1.102651680116300
        2.445849999999999       -1.098365044387936
        2.495599999999999       -1.094152858806963
        2.545349999999999       -1.090036164503255
        2.595099999999999       -1.085979821854570
        2.644849999999999       -1.082048148758065
        2.694599999999999       -1.078209558542303
        2.744349999999999       -1.074454679029838
        2.794099999999999       -1.070813446987873
        2.843849999999999       -1.067277532682883
        2.893599999999999       -1.063866219783463
        2.943349999999999       -1.060564395104824
        2.993099999999999       -1.057395087807914
        3.042849999999999       -1.054322496356938
        3.092599999999999       -1.051379532554045
        3.142349999999999       -1.048536596365837
        3.192099999999999       -1.045814425983115
        3.241849999999999       -1.043194704660054
        3.291599999999999       -1.040642682795642
        3.341349999999999       -1.038215751131349
        3.391099999999998       -1.035927332073571
        3.440849999999998       -1.033739260844020
        3.490599999999998       -1.031641290132556
        3.540349999999998       -1.029671593433422
        3.590099999999998       -1.027725638941981
        3.639849999999998       -1.025802762338991
        3.689599999999998       -1.023927163022337
        3.739349999999998       -1.022052616379467
        3.789099999999998       -1.020335474371218
        3.838849999999998       -1.018679047496209
        3.888599999999998       -1.017012497398979
        3.938349999999998       -1.016630901006042
        3.988099999999998       -1.015511507643323
        4.037849999999998       -1.014155938913832
        4.087599999999998       -1.012970856266525
        4.137349999999999       -1.011916978581892
        4.187099999999999       -1.010894503187635
        4.236850000000000       -1.009708129436426
        4.286600000000000       -1.008705237579411
        4.336350000000000       -1.007667056019662
        4.386100000000001       -1.006701037474576
        4.435850000000001       -1.005704069245454
        4.485600000000002       -1.004762881612882
        4.535350000000002       -1.003864744858820
        4.585100000000002       -1.003355987508308
        4.634850000000003       -1.003024308288671
        4.684600000000003       -1.002220773585075
        4.734350000000004       -1.002779291401423
        4.784100000000004       -1.001822667145129
        4.833850000000004       -1.001013334746596
        4.883600000000005       -1.000304271554301
        4.933350000000005  -9.997961402159037E-001
        4.983100000000006  -9.993252501239578E-001
        5.032850000000006  -9.988336192232867E-001
        5.082600000000006  -9.981928764509870E-001
        5.132350000000007  -9.976044196328514E-001
        5.182100000000007  -9.968913382093215E-001
        5.231850000000008  -9.959866972695166E-001
        5.281600000000008  -9.954150459246670E-001];
