% script file to compute diff of fit and data

% Numeric potential (column 3 is weighting data)
mdat=[ 0.0000000000000000e+000  6.6263953286894976e+000  1.0000000000000000e+000
  5.0000000000000000e-002  5.4182375524984960e+000  1.0000000000000000e+000
  1.0000000000000000e-001  4.3860282799115408e+000  1.0000000000000000e+000
  1.5000000000000002e-001  3.5050705518885636e+000  1.0000000000000000e+000
  2.0000000000000000e-001  2.7540734601504964e+000  1.0000000000000000e+000
  2.5000000000000000e-001  2.1146865063821596e+000  1.0000000000000000e+000
  3.0000000000000004e-001  1.5710973364167832e+000  1.0000000000000000e+000
  3.5000000000000004e-001  1.1096842435585214e+000  1.0000000000000000e+000
  4.0000000000000000e-001  7.1871600243400288e-001  1.0000000000000000e+000
  4.5000000000000000e-001  3.8809260377953760e-001  1.0000000000000000e+000
  5.0000000000000000e-001  1.0912133280709880e-001  1.0000000000000000e+000
  5.5000000000000008e-001 -1.2567661221555526e-001  1.0000000000000000e+000
  6.0000000000000008e-001 -3.2273311276313932e-001  1.0000000000000000e+000
  6.5000000000000000e-001 -4.8757732241739304e-001  1.0000000000000000e+000
  7.0000000000000008e-001 -6.2496015997285928e-001  1.0000000000000000e+000
  7.5000000000000000e-001 -7.3896178348424640e-001  1.0000000000000000e+000
  8.0000000000000000e-001 -8.3308436156924256e-001  1.0000000000000000e+000
  8.1000000000000000e-001 -8.4979571684502704e-001  1.0000000000000000e+000
  8.2000000000000000e-001 -8.6585530242530112e-001  1.0000000000000000e+000
  8.3000000000000000e-001 -8.8128430867382576e-001  1.0000000000000000e+000
  8.4000000000000000e-001 -8.9610328197772256e-001  1.0000000000000000e+000
  8.5000000000000000e-001 -9.1033214374453488e-001  1.0000000000000000e+000
  8.6000000000000000e-001 -9.2399020884670256e-001  1.0000000000000000e+000
  8.7000000000000000e-001 -9.3709620352942240e-001  1.0000000000000000e+000
  8.8000000000000000e-001 -9.4966828279739008e-001  1.0000000000000000e+000
  8.9000000000000000e-001 -9.6172404729548704e-001  1.0000000000000000e+000
  9.0000000000000000e-001 -9.7328055969803136e-001  1.0000000000000000e+000
  9.1000000000000000e-001 -9.8435436062080032e-001  1.0000000000000000e+000
  9.2000000000000000e-001 -9.9496148406961328e-001  1.0000000000000000e+000
  9.3000000000000000e-001 -1.0051174724388758e+000  1.0000000000000000e+000
  9.4000000000000000e-001 -1.0148373910730936e+000  1.0000000000000000e+000
  9.5000000000000000e-001 -1.0241358424039920e+000  1.0000000000000000e+000
  9.6000000000000000e-001 -1.0330269796755144e+000  1.0000000000000000e+000
  9.7000000000000000e-001 -1.0415245202686196e+000  1.0000000000000000e+000
  9.8000000000000000e-001 -1.0496417586374456e+000  1.0000000000000000e+000
  9.9000000000000000e-001 -1.0573915788680938e+000  1.0000000000000000e+000
  1.0000000000000000e+000 -1.0647864668709420e+000  1.0000000000000000e+000
  1.0100000000000000e+000 -1.0718385222170916e+000  1.0000000000000000e+000
  1.0200000000000000e+000 -1.0785594696292518e+000  1.0000000000000000e+000
  1.0300000000000000e+000 -1.0849606701370528e+000  1.0000000000000000e+000
  1.0400000000000000e+000 -1.0910531319065110e+000  1.0000000000000000e+000
  1.0500000000000000e+000 -1.0968475207530716e+000  1.0000000000000000e+000
  1.0600000000000000e+000 -1.1023541703473930e+000  1.0000000000000000e+000
  1.0700000000000000e+000 -1.1075830921227698e+000  1.0000000000000000e+000
  1.0800000000000000e+000 -1.1125439848928360e+000  1.0000000000000000e+000
  1.0900000000000000e+000 -1.1172462441879370e+000  1.0000000000000000e+000
  1.1000000000000000e+000 -1.1216989713183224e+000  1.0000000000000000e+000
  1.1100000000000000e+000 -1.1259109821720754e+000  1.0000000000000000e+000
  1.1200000000000002e+000 -1.1298908157554620e+000  1.0000000000000000e+000
  1.1300000000000002e+000 -1.1336467424831662e+000  1.0000000000000000e+000
  1.1400000000000002e+000 -1.1371867722256644e+000  1.0000000000000000e+000
  1.1500000000000002e+000 -1.1405186621207726e+000  1.0000000000000000e+000
  1.1600000000000000e+000 -1.1436499241562096e+000  1.0000000000000000e+000
  1.1700000000000000e+000 -1.1465878325298158e+000  1.0000000000000000e+000
  1.1800000000000000e+000 -1.1493394307938718e+000  1.0000000000000000e+000
  1.1900000000000000e+000 -1.1519115387897858e+000  1.0000000000000000e+000
  1.2000000000000000e+000 -1.1543107593792278e+000  1.0000000000000000e+000
  1.2100000000000000e+000 -1.1565434849776192e+000  1.0000000000000000e+000
  1.2200000000000000e+000 -1.1586159038957104e+000  1.0000000000000000e+000
  1.2300000000000000e+000 -1.1605340064948226e+000  1.0000000000000000e+000
  1.2400000000000000e+000 -1.1623035911611594e+000  1.0000000000000000e+000
  1.2500000000000000e+000 -1.1639302701044436e+000  1.0000000000000000e+000
  1.2600000000000000e+000 -1.1654194749859788e+000  1.0000000000000000e+000
  1.2700000000000000e+000 -1.1667764623810964e+000  1.0000000000000000e+000
  1.2800000000000000e+000 -1.1680063190807924e+000  1.0000000000000000e+000
  1.2900000000000000e+000 -1.1691139672372328e+000  1.0000000000000000e+000
  1.3000000000000000e+000 -1.1701041693576612e+000  1.0000000000000000e+000
  1.3100000000000000e+000 -1.1709815331511196e+000  1.0000000000000000e+000
  1.3200000000000000e+000 -1.1717505162322564e+000  1.0000000000000000e+000
  1.3300000000000000e+000 -1.1724154306863854e+000  1.0000000000000000e+000
  1.3400000000000000e+000 -1.1729804474998226e+000  1.0000000000000000e+000
  1.3500000000000000e+000 -1.1734496008594288e+000  1.0000000000000000e+000
  1.3600000000000000e+000 -1.1738267923251562e+000  1.0000000000000000e+000
  1.3700000000000002e+000 -1.1741157948793032e+000  1.0000000000000000e+000
  1.3800000000000002e+000 -1.1743202568560588e+000  1.0000000000000000e+000
  1.3900000000000002e+000 -1.1744437057548284e+000  1.0000000000000000e+000
  1.4000000000000002e+000 -1.1744895519407222e+000  1.0000000000000000e+000
  1.4100000000000000e+000 -1.1744610922354944e+000  1.0000000000000000e+000
  1.4200000000000000e+000 -1.1743615134021254e+000  1.0000000000000000e+000
  1.4300000000000000e+000 -1.1741938955261480e+000  1.0000000000000000e+000
  1.4400000000000000e+000 -1.1739612152967216e+000  1.0000000000000000e+000
  1.4500000000000000e+000 -1.1736663491903876e+000  1.0000000000000000e+000
  1.4600000000000000e+000 -1.1733120765603344e+000  1.0000000000000000e+000
  1.4700000000000000e+000 -1.1729010826339342e+000  1.0000000000000000e+000
  1.4800000000000000e+000 -1.1724359614212276e+000  1.0000000000000000e+000
  1.4900000000000000e+000 -1.1719192185369530e+000  1.0000000000000000e+000
  1.5000000000000000e+000 -1.1713532739386456e+000  1.0000000000000000e+000
  1.5100000000000000e+000 -1.1707404645832600e+000  1.0000000000000000e+000
  1.5200000000000000e+000 -1.1700830470046902e+000  1.0000000000000000e+000
  1.5300000000000000e+000 -1.1693831998145038e+000  1.0000000000000000e+000
  1.5400000000000000e+000 -1.1686430261281324e+000  1.0000000000000000e+000
  1.5500000000000000e+000 -1.1678645559186962e+000  1.0000000000000000e+000
  1.5600000000000000e+000 -1.1670497483005802e+000  1.0000000000000000e+000
  1.5700000000000000e+000 -1.1662004937448180e+000  1.0000000000000000e+000
  1.5800000000000000e+000 -1.1653186162282752e+000  1.0000000000000000e+000
  1.5900000000000000e+000 -1.1644058753185724e+000  1.0000000000000000e+000
  1.6000000000000000e+000 -1.1634639681966296e+000  1.0000000000000000e+000
  1.6100000000000000e+000 -1.1624945316186554e+000  1.0000000000000000e+000
  1.6200000000000002e+000 -1.1614991438193588e+000  1.0000000000000000e+000
  1.6300000000000002e+000 -1.1604793263581026e+000  1.0000000000000000e+000
  1.6400000000000002e+000 -1.1594365459096758e+000  1.0000000000000000e+000
  1.6500000000000002e+000 -1.1583722160013016e+000  1.0000000000000000e+000
  1.6600000000000002e+000 -1.1572876986974648e+000  1.0000000000000000e+000
