% data from h2p-128rc.in7

evec=[ -3.29751661979401     
  -2.06629138865608     
  -4.66297639405527     
  0.124642547210087     
  -1.26651264320855     
  -3.42626137008156     
 -0.105266992668990     
 -0.557216001608221     
  9.688966366264624E-002
 -8.864348164143042E-002
  -1.34270797726044     
  4.777529211989846E-002
 -5.330198110896382E-002
  4.209508416438908E-002
  4.620872681875716E-002
 -0.627498114471986     
 -7.012210022876811E-004
 -0.895327986265037     
  1.090114559692998E-002
  2.173947860481544E-002
 -1.071698544665738E-003
 -7.313569515981277E-003
  1.865895003680278E-002
  3.753784901387254E-002
 -2.077870949887483E-002
  4.856008281596288E-003
 -1.091358581871105E-002
 -5.182658901052665E-003
 -1.803377525352711E-002
 -1.486521086632600E-002
  1.507475869257990E-002
 -1.101666953538966E-002
 -6.298581830346063E-003
  0.816179752865133     
  5.740790668920728E-003
 -4.113121247719273E-003
  9.099223639409506E-003
 -2.562451496690266E-002
  1.553545246486265E-002
 -2.534088649642871E-002
  2.151678593718184E-002
  1.187361747547335E-002
 -2.108096803498561E-002
 -1.462901996202605E-002
  6.170982471541310E-003
  1.265431706179894E-002
 -2.708940983106657E-004
  -1.05977103959093     
  7.144846545686387E-003
 -2.596963637355384E-002
  7.107071490925848E-003
 -1.242679780677103E-002
 -4.233679462007653E-003
 -1.010303520824814E-002
 -3.530324396835797E-003
 -7.758943748971526E-003
 -7.395510642100093E-003
  1.036914469906508E-002
 -4.605987005121046E-003
  1.310073444460453E-002
 -4.234064021320360E-003
 -1.406601720537937E-002
  9.244803686096464E-003
  1.619232918644141E-003
 -6.715973465222004E-002
  1.105104587075881E-002
  7.660220967871277E-003
  8.397016249965238E-003
 -6.990802651565492E-003
 -0.326060611577497     
  4.538147408988955E-003
 -3.876759582385145E-004
 -9.670007969972087E-003
 -1.003794701744671E-002
 -3.095900679410655E-003
  2.018305611249565E-003
 -1.182929771273793E-002
 -1.015339883327046E-002
 -4.403198956821040E-003
  3.895792197425513E-003
 -2.348390388517088E-004
 -6.937856019084758E-003
 -1.386729148293229E-002
 -3.594395614232617E-003
 -2.984336465235199E-004
 -2.880849573895970E-003
 -6.499613474911144E-004
 -2.845446460119460E-002
  4.334432575374010E-003
 -0.352218935743776     
 -4.617476228998930E-003
 -2.421005317293457E-002
 -4.527838162070685E-003
 -1.465483918034435E-004
  5.319924509869164E-003
  1.666687169250818E-003
 -1.664551893212044E-004
  6.901065240246786E-002
 -3.030095039736841E-003
  2.141898532484794E-003
  6.842825598879328E-003
  7.811263065229734E-005
 -1.078903429224262E-002
 -6.005541583779556E-004
 -0.467571860859153     
 -6.012655726093767E-003
  6.593944145558440E-004
  2.340890652509204E-003
  1.785596744789279E-003
 -2.589106579027788E-002
 -1.756996082796830E-003
  8.725879294033701E-003
  7.901207903240217E-003
  5.278670698595290E-003
  5.096511589540807E-003
  3.053826767620889E-003
  1.139272722501463E-003
 -3.259187396816904E-003
  5.093092390279769E-004
 -1.118494586554376E-004
 -6.000489727350156E-002
 -2.845820141901760E-003
 -3.145286660081706E-003
 -3.851813018094999E-004
  5.318479036781472E-003
 -0.208040188741179     
 -3.270815829647221E-004
 -7.032505739403949E-003];

pwr=[ 22
    20
    20
    20
    28
    18
    18
    24
    12
    16
    18
    16
    22
    20
    26
    30
    26
    24
    30
    14
    20
    24
    26
    22
    26
    16
    16
    16
    16
    20
    16
    22
    22
    20
    20
    30
    14
    22
    22
    26
    16
    26
    24
    26
    18
    18
    24
    24
    12
    22
    16
    16
    24
    22
    18
    22
    16
    14
    20
    16
    12
    16
    18
    30
    14
    24
    28
    24
    16
    30
    20
    14
    20
    20
    18
    26
    16
    12
    18
    18
    26
    30
    20
    26
    20
    16
    24
    22
    30
    24
    22
    16
    18
    16
    26
    16
    26
    28
    20
    16
    26
    18
    30
    30
    20
    24
    24
    30
    20
    22
    24
    16
    22
    24
    22
    14
    14
    18
    24
    26
    16
    28
    18
    22
    22
    20
    22
    18 ];

