% data from h2p-256rc.out1
evec=[ -4.0196826774986623E-003
  -0.5658296320687041     
   1.1287661991429519E-003
   2.6127079910110005E-005
   2.0250933630740119E-004
  -1.4990819725505696E-003
   1.8686252961096848E-002
   1.2580308208485672E-002
   1.1657142300416130E-002
   9.7116291727852178E-003
  -2.5204925832852859E-002
   1.3676095286576271E-003
   1.0885434793647390E-005
   5.9647870814926742E-004
  -6.0279369286250191E-003
    4.243432872757387     
  -5.7056097387345239E-002
  -1.8927298697961957E-004
  -2.0097711997358013E-003
   2.9711379713155284E-003
  -5.3456686081446714E-002
  -0.1411956422199180     
  -1.9479608300529379E-003
   3.4170559329484131E-002
  -3.7789787417588758E-003
  -8.9515899442436670E-004
   9.8552269242121182E-003
   8.8957934464127898E-016
   7.2431689804044229E-003
  -4.5342017524185140E-009
  -6.8361387539281095E-003
   0.7723223998378019     
   1.9046301925360065E-002
   3.7391379065418321E-003
  -2.3807527101124475E-002
  -2.2559699652883328E-003
   0.1026187080490977     
  -3.1245364840208314E-002
  -3.0299145492551350E-002
   1.6172410644470997E-003
   0.1312122694846995     
  -4.9602503284153637E-003
   1.4019164199531281E-003
  -9.6749294870731306E-003
  -1.1048368515025947E-003
   2.7512794156278051E-017
   2.7913075641579676E-017
  -1.5159326228684876E-007
  -1.6366610919062739E-002
    3.173824179947803     
  -6.8694614926515810E-002
   9.2587867918605460E-002
  -1.3966407143085443E-002
   7.8989887750189345E-005
  -9.9272972393165283E-003
  -3.3638113773689271E-004
    1.587300109508331     
    1.186228951554637     
   3.7076907598841157E-003
  -2.5110493360646038E-002
   4.0259948594819506E-003
   0.2493042529922466     
  -8.0700504576216112E-003
   2.4389955914728757E-003
   4.0543105692977283E-002
   2.8802206933737149E-004
  -1.4257728730606887E-002
   6.8958011787564376E-003
   3.0720786621236717E-003
  -2.9259712540773992E-003
   1.5944224516650915E-003
   1.4260100544548213E-002
   2.5333294130336134E-003
   2.4528857628981753E-002
   4.2028443984133629E-003
  -0.1363062605089542     
   8.1617666396906083E-002
   2.4981036543841301E-005
   3.0513173656903374E-003
   4.6974789520315058E-002
   0.1603640730678499     
   7.1330070584430406E-004
  -7.6706847532893177E-003
   1.3985776297025484E-003
   1.3705786151284297E-004
   5.6696520813136631E-003
   1.1029167982995953E-002
  -7.2786743491870698E-002
  -4.5582496538204967E-002
   1.1307206180659094E-003
  -3.2286272775901032E-003
  -6.2741294604602678E-003
   0.1227414062318885     
  -1.7802252583296453E-004
  -1.8564908493779508E-014
   2.2479599839021522E-002
   1.2437334159631268E-002
  -0.1264537493499344     
   0.4258645979385372     
   1.2462474584778506E-002
   1.9070792547251303E-004
  -4.9243758911965212E-004
   8.1783982426298467E-003
   6.2088564470864542E-003
  -2.1590864588193197E-002
  -1.0232514349236101E-005
  -1.1340446283899295E-002
  -0.4530630487982529     
    1.529411871533727     
  -3.3230227820730202E-003
  -3.2291855393879680E-002
   2.7784912963766165E-004
   0.7914239018615149     
   4.7448848627673623E-002
   2.6631161566928649E-003
   0.1584054871926384     
   9.7417254272216466E-003
  -9.0014819545228865E-003
   1.8411763594537369E-012
  -1.7956529506162843E-002
  -2.0757790588492466E-004
   3.5432336432114240E-003
  -9.1948111553827455E-003
  -6.8032477133874003E-002
   8.2022798888915192E-003
  -1.2216314318536772E-002
   4.3850329457732875E-003
   5.9418089674786092E-003
   3.2444735668577117E-003
   0.6728257466578305     
  -2.6943649075820051E-003
  -6.8905078851594370E-004
  -3.4543602632283049E-006
   0.5094672062065826     
  -0.1664503201004496     
   3.7422889366234953E-002
   3.6570409239814216E-003
   4.8092649478358701E-002
  -2.9599552619919353E-003
  -2.1936004897979537E-002
  -8.2008304189483666E-003
   2.8057509738820121E-002
   2.7253678008213036E-003
  -6.9750065339524402E-003
   1.5490817039336956E-002
   6.1181173801266118E-003
  -7.3854337343667890E-003
  -5.2645452418527651E-003
  -8.1895853248391856E-004
  -7.2480845096889743E-003
   1.6805605990207531E-003
  -6.7317656021288047E-004
  -6.1912465203127265E-002
   5.2444810895959943E-003
  -8.5999400196985190E-004
   2.0285750788305332E-003
  -5.1573461572848485E-002
  -1.7369513951867861E-003
  -4.6118509601799007E-003
   1.2400441172162997E-002
   2.7319501202305994E-002
  -7.3350695203673383E-003
   0.1047728661043390     
   8.6976817794402056E-002
   2.4202890507549618E-003
   2.8147471353843878E-002
  -8.7831942662463334E-003
   1.6514561233791955E-002
   0.5394661586632185     
  -4.3330832628822053E-003
   4.9606158460971748E-003
  -1.8129193586630957E-025
   1.1332532293453271E-002
   1.4591981984248524E-004
  -2.7671495989456497E-002
    5.349900585623477     
    3.175888391581396     
   4.3632443564743896E-003
   5.6968162633673992E-005
  -1.1936785697595589E-002
   -1.089574789137853     
   4.6541215594207109E-003
  -7.3548558865778888E-003
   4.5748498832939397E-002
   8.1509418658598981E-002
  -4.9173892894605498E-002
  -0.3654816958047850     
   9.8786260849305970E-003
   7.8382473463435836E-003
  -0.1547327198365049     
  -2.7442335480603351E-002
   7.9381232268049638E-003
  -2.0217215664581123E-005
   1.4649225184801967E-002
   4.6407440187585880E-003
   3.8409656281986775E-004
   6.9775435201733065E-003
   8.7071865389476130E-002
   4.9712032436067038E-003
   3.0727567618310902E-003
  -4.6885261204777115E-004
  -2.4980997002321428E-003
  -1.1303003069672581E-002
   7.6036411334748566E-003
  -7.7910478829689659E-003
    2.722314990900776     
  -9.7796794278826385E-003
   1.6723233765108423E-003
  -2.0092563228263229E-002
   0.2017675607060995     
  -2.2343650479722636E-003
   2.3020654059954675E-002
  -1.3361036121507294E-002
  -2.4785028203330711E-003
   3.2922412015740379E-003
   0.2452373071878962     
  -1.5598359966738385E-002
   1.5213253375154225E-003
  -2.5141437644868353E-003
  -7.5030008367057361E-003
  -1.0388651047234384E-002
  -2.3979876166390609E-003
   1.3465718704247188E-002
   7.2409078471101012E-003
   5.2618771438154362E-002
   4.9760178148888458E-003
   4.4934445112332850E-003
   2.7356891017750577E-002
  -2.2467195952402225E-002
  -3.3058455426921247E-003
  -6.3890548047183207E-002
  -5.8380217431292687E-003
  -9.1057287161433465E-003
   0.5461885260392945     
   2.0621045565650723E-004
  -1.8828738541720685E-003
   9.4187966873724074E-003
   2.6685157972755470E-003
   8.2192555940155962E-004
   2.4849953800590435E-002
  -0.1173785176499430     
   6.9329485387085114E-003
   3.7330009396155488E-002
   7.5237047910087750E-003
  -6.1819826655472754E-002
  -1.3799934696292367E-002
    1.271370641448538     
   0.3577804876371640     
  -5.3820554393893341E-002
  -6.5508858679293952E-003
   1.0003004515099768E-002
   6.0220676470936103E-003
   2.4858401316320763E-003
  -1.2705660320222738E-003
  -1.1749753409160716E-003
  -1.7246033112056091E-002];

pwr=[12
12
12
12
12
12
12
12 
14
14
14
14
14
14
14
14 
16
16
16
16
16
16
16
16 
16
16
16
16
16
16
16
16  
18
18
18
18
18
18
18
18 
18
18
18
18
18
18
18
18 
20
20
20
20
20
20
20
20 
20
20
20
20
20
20
20
20
22
22
22
22 
22
22
22
22
22
22
22
22 
22
22
22
22
24
24
24
24 
24
24
24
24
24
24
24
24  
24
24
24
24
26
26
26
26 
26
26
26
26
26
26
26
26 
26
26
26
26
28
28
28
28 
28
28
28
28
30
30
30
30
30
30
30
30  
12
12
12
12
12
12
12
12 
14
14
14
14
14
14
14
14 
16
16
16
16
16
16
16
16 
16
16
16
16
16
16
16
16  
18
18
18
18
18
18
18
18 
18
18
18
18
18
18
18
18 
20
20
20
20
20
20
20
20 
20
20
20
20
20
20
20
20
22
22
22
22 
22
22
22
22
22
22
22
22 
22
22
22
22
24
24
24
24 
24
24
24
24
24
24
24
24  
24
24
24
24
26
26
26
26 
26
26
26
26
26
26
26
26 
26
26
26
26
28
28
28
28 
28
28
28
28
30
30
30
30
30
30
30
30    ];

