vechLk
   0.2312237000000000       0.2164633000000000       0.8833888000000000     
   0.6525135000000000       0.3076091000000000       0.9329615999999999     
vechLl
   0.2146008000000000       0.3126420000000000       0.3616361000000000     
   0.2922267000000000       0.5664249000000000       0.4826472000000000     
 Sym = 
   -1.000000000000000       0.0000000000000000E+000  0.0000000000000000E+000
   -1.000000000000000        1.000000000000000       0.0000000000000000E+000
   -1.000000000000000       0.0000000000000000E+000   1.000000000000000     
 Charge = 
    1.000000000000000       0.0000000000000000E+000  0.0000000000000000E+000
   -1.000000000000000       -1.000000000000000       0.0000000000000000E+000
   -1.000000000000000        1.000000000000000       -1.000000000000000     
 MASS = 
   5.4461699999999995E-004  2.7230850770000001E-004  2.7230850770000001E-004
   2.7230850770000001E-004  0.5002723085000000       2.7230850770000001E-004
   2.7230850770000001E-004  2.7230850770000001E-004  0.5002723085000000     
 Lk = 
   0.2312237000000000       0.0000000000000000E+000  0.0000000000000000E+000
   0.2164633000000000       0.6525135000000000       0.0000000000000000E+000
   0.8833888000000000       0.3076091000000000       0.9329615999999999     
 Ll = 
   0.2146008000000000       0.0000000000000000E+000  0.0000000000000000E+000
   0.3126420000000000       0.2922267000000000       0.0000000000000000E+000
   0.3616361000000000       0.5664249000000000       0.4826472000000000     
 PLl = 
  -0.8888789000000000      -0.8586516000000000      -0.4826472000000000     
   0.3126420000000000       0.2922267000000000       0.0000000000000000E+000
   0.3616361000000000       0.5664249000000000       0.4826472000000000     
 Ak = 
   5.3464399441690000E-002  5.0051445140210003E-002  0.2042604268745600     
   5.0051445140210003E-002  0.4726302279291399       0.3919403453038900     
   0.2042604268745600       0.3919403453038900        1.745416477442810     
 Al = 
    1.760336588715610      -0.5288218005715200       -1.040760665100970     
  -0.5288218005715200       0.1831414643568900       0.2785871129010300     
   -1.040760665100970       0.2785871129010300       0.6845661558310601     
 invAkl = 
   0.7167190613068679       0.3775031879114477       0.1425563325954210     
   0.3775031879114477        2.323118597979706      -0.5110873160107819     
   0.1425563325954210      -0.5110873160107819       0.6016283676614530     
 invAk = 
    33.88113373417329      -0.3685641661369023       -3.882236566782943     
  -0.3685641661369023        2.603988679726072      -0.5416043452153337     
   -3.882236566782943      -0.5416043452153337        1.148874161758106     
 invAl = 
    52.13356806221750        78.66806980066659        47.24547985868792     
    78.66806980066659        133.0408388288486        65.45922418015330     
    47.24547985868792        65.45922418015330        46.65018930841418     
 invLk = 
    4.324816184500119       0.0000000000000000E+000  0.0000000000000000E+000
   -1.434704390315763        1.532535342180660       0.0000000000000000E+000
   -3.621977638924322      -0.5052960564790501        1.071855476152502     
 invLl = 
    4.659814874874651       0.0000000000000000E+000  0.0000000000000000E+000
   -4.985355007295913        3.422000795957385       0.0000000000000000E+000
    2.359222084786631       -4.015990269186442        2.071906767510513     
 R
   2.5806806288108072E-006  1.8810106866116392E-006  1.8810106866116392E-006
   2.5858089445815653E-006  2.5382405569827660E-006  1.8810106866116392E-006
   2.9937521511191282E-006  2.0352956587844037E-006  5.1177675411633599E-006
 Skl =   3.6304039582341057E-006
 Tkl =  -6.4990088011301619E-006
 Vkl =  -8.6195929062516085E-006
 dSk = 
   0.0000000000000000E+000  0.0000000000000000E+000  0.0000000000000000E+000
   0.0000000000000000E+000  0.0000000000000000E+000  0.0000000000000000E+000
   0.0000000000000000E+000  0.0000000000000000E+000  0.0000000000000000E+000
 dSl = 
   0.0000000000000000E+000  0.0000000000000000E+000  0.0000000000000000E+000
   0.0000000000000000E+000  0.0000000000000000E+000  0.0000000000000000E+000
   0.0000000000000000E+000  0.0000000000000000E+000  0.0000000000000000E+000
 dTk = 
   0.0000000000000000E+000  0.0000000000000000E+000  0.0000000000000000E+000
   0.0000000000000000E+000  0.0000000000000000E+000  0.0000000000000000E+000
   0.0000000000000000E+000  0.0000000000000000E+000  0.0000000000000000E+000
 dTl = 
   0.0000000000000000E+000  0.0000000000000000E+000  0.0000000000000000E+000
   0.0000000000000000E+000  0.0000000000000000E+000  0.0000000000000000E+000
   0.0000000000000000E+000  0.0000000000000000E+000  0.0000000000000000E+000
 dVk = 
   0.0000000000000000E+000  0.0000000000000000E+000  0.0000000000000000E+000
   0.0000000000000000E+000  0.0000000000000000E+000  0.0000000000000000E+000
   0.0000000000000000E+000  0.0000000000000000E+000  0.0000000000000000E+000
 dVl = 
   0.0000000000000000E+000  0.0000000000000000E+000  0.0000000000000000E+000
   0.0000000000000000E+000  0.0000000000000000E+000  0.0000000000000000E+000
   0.0000000000000000E+000  0.0000000000000000E+000  0.0000000000000000E+000
